"A1" "A10" "A11" "A12" "A2" "A3" "A5" "A6" "A7" "A8" "A9" "B1" "B10" "B11" "B12" "B2" "B3" "B4" "B5" "B6" "B7" "B8" "B9" "C1" "C10" "C11" "C2" "C3" "C4" "C5" "C6" "C7" "C8" "C9" "D1" "D10" "D11" "D12" "D3" "D4" "D5" "D6" "D7" "D8" "D9" "E1" "E10" "E11" "E12" "E2" "E3" "E4" "E5" "E6" "E7" "E8" "E9" "F1" "F10" "F11" "F12" "F2" "F3" "F4" "F5" "F6" "F7" "F8" "G1" "G10" "G11" "G12" "G2" "G3" "G4" "G5" "G6" "G7" "G8" "G9" "H1" "H10" "H11" "H12" "H2" "H3" "H4" "H5" "H6" "H7" "H8" "H9"
"sq1" 4686 10228 2597 2581 6299 3376 3496 6869 1538 6134 2084 3973 8550 7304 2192 7431 2954 7214 1721 3285 6722 4404 5918 1368 4987 5859 4733 5312 6123 6795 1758 6307 4335 4821 6723 6854 5638 5743 5375 2792 5274 3669 7353 5347 7700 7290 5346 1565 4288 5125 4303 4736 2180 1895 5022 5223 11955 6635 4016 1584 4485 13667 6619 3389 5146 5849 7440 5447 6135 2913 5572 6562 4356 5687 3551 7379 4040 6238 4269 3791 4180 5600 3583 2662 2105 3783 2960 1360 3154 2968 4785 4793
"sq2" 6219 628 28057 10762 10318 6191 51 644 2585 22 700 114 61 18461 23924 695 6800 3335 50 547 23 10 105 153 481 23018 109 227 179 50 15194 28 1168 19169 921 8500 1721 224 143 2254 3113 64 6 0 749 144 6435 8746 1426 396 2539 456 25669 9032 26 71 14827 790 1694 4009 14597 31 30 87 7169 173 7 14 190 10020 14296 1266 1702 8277 363 5793 7559 2199 6 127 491 160 1470 1550 11179 93 297 179 2902 0 37 2856
"sq4" 32 387 25 63 65 0 0 6 9 6 41368 85 31 0 113 0 0 10 0 49 0 64 14 22944 10891 13 155 28 24 7 4 9 0 25 14 89 0 0 72 0 0 0 0 0 5 21 14471 11 5 8 104 4214 9 0 6 5 54 36 16234 4379 24 49 0 11701 5 8 11 7 1471 6496 15 0 4626 12 12004 4 9 5538 6 35 10008 16 151 0 4 0 113 0 0 0 0 12
"sq6" 0 145 22 13 0 0 0 0 0 0 0 0 0 58 25 0 0 0 0 0 0 0 0 0 30 78 0 0 0 0 0 0 0 0 0 0 46 44 0 0 0 0 0 0 18 8 26 3217 10063 0 0 0 0 8 0 62 16 71 0 11413 116 8 0 0 0 30 0 0 0 0 453 138 0 32 0 0 0 0 0 0 0 0 1221 0 0 0 0 0 0 0 0 30
"sq7" 69 424 116 153 34 153 127 293 0 239 63 40 512 541 130 104 229 299 103 32 290 187 224 84 118 436 94 284 224 458 93 186 147 349 577 803 130 702 390 101 440 214 57 581 2169 446 519 72 252 207 209 173 38 55 370 332 406 239 188 62 316 1413 130 216 162 193 812 293 161 86 191 355 126 138 261 396 153 203 1008 176 273 149 61 113 30 330 193 266 241 258 402 86
"sq8" 35 89 352 99 80 28 0 66 154 62 0 1953 84 163 0 101 329 0 0 432 86 94 2846 0 1527 84 69 0 0 166 0 0 46 579 86 0 97 65 63 0 56 65 2508 165 78 48 0 0 26 211 82 781 104 50 38 71 29 0 0 103 174 375 56 61 189 114 91 43 0 41 93 418 77 0 20 252 0 101 147 0 0 42 383 109 69 23 19 64 0 51 0 207
"sq9" 0 110 60 0 2171 354 0 1134 0 0 98 55 0 0 113 97 217 0 0 593 0 76 0 0 95 456 110 0 0 32 44 0 0 1039 4 0 96 30 1290 17 0 97 0 0 256 0 50 192 117 4 539 0 15 665 6 45 1980 45 22 159 901 20 2 0 68 0 18 0 67 336 152 0 340 0 0 58 4 424 73 245 983 0 343 17 0 0 0 180 27 38 0 0
"sq10" 68 94 146 56 77 48 124 68 127 517 14 60 354 413 44 200 29 29 144 0 139 74 692 0 42 151 210 0 65 657 0 38 644 62 81 108 199 6 50 34 188 46 127 43 0 88 0 61 8 77 2306 26 100 45 101 0 270 646 57 62 20 314 152 0 154 752 235 0 119 0 119 26 0 156 0 26 125 17 75 34 87 86 279 247 114 131 6 43 176 198 50 0
"sq11" 15 51 0 23 0 11 45 0 106 0 174 0 0 94 23 0 0 0 132 9 0 29 0 0 167 18 0 37 0 114 15 13 57 44 0 59 0 150 30 0 68 3986 0 0 0 0 0 10 31 61 13 0 107 64 0 0 155 0 31 3 23 0 98 0 50 0 0 0 36 12 53 332 0 0 0 290 13 0 22 76 15 7 90 5292 0 0 0 0 34 82 74 46
"sq12" 5 36 108 10 193 449 377 0 0 0 0 0 109 138 0 153 131 326 72 0 0 0 0 0 0 83 0 241 0 702 0 0 0 44 0 0 0 0 106 0 721 0 0 71 0 0 0 0 5 0 66 0 188 49 0 0 0 0 0 0 33 14 2948 5 729 86 0 0 374 0 126 145 0 763 14 0 0 0 44 0 1072 0 360 73 0 443 0 5 283 0 0 4
"sq13" 0 66 546 837 0 0 121 0 0 0 0 0 702 1504 72 0 0 0 10 0 0 0 0 0 34 137 0 0 0 155 34 0 0 0 0 0 289 89 0 0 54 0 0 23 0 0 298 26 334 0 0 0 49 39 0 0 76 0 0 142 1566 0 0 0 73 124 0 0 0 0 40 1218 0 0 0 0 10 0 0 0 0 0 1580 180 0 0 0 0 0 0 0 9
"sq14" 132 132 64 128 0 58 113 152 0 171 64 0 143 124 119 0 0 151 41 0 177 215 222 39 0 228 0 132 60 289 35 151 73 85 94 201 198 158 185 58 104 40 31 170 46 253 125 62 125 0 49 80 64 51 131 190 573 171 189 28 40 0 144 60 132 161 269 94 77 184 155 134 0 92 99 171 53 15 194 148 209 132 114 97 0 121 77 86 48 124 131 112
"sq15" 28 0 195 0 115 0 0 87 59 0 48 705 29 103 7 344 108 167 0 103 56 108 300 0 381 0 190 26 0 0 119 131 0 210 0 0 247 0 300 0 239 0 0 269 191 0 0 0 0 124 1842 94 0 23 0 0 0 53 0 127 0 0 108 67 80 265 0 0 97 0 65 122 90 49 7 0 178 0 45 0 57 62 209 0 44 0 0 41 153 0 0 5
"sq17" 0 89 0 0 0 0 0 0 0 0 0 0 0 0 0 0 0 0 0 0 0 0 0 0 0 0 0 0 0 0 0 0 0 0 0 0 0 0 0 0 0 0 0 0 0 0 0 463 1901 0 0 0 0 0 0 0 0 0 0 4567 0 0 0 0 0 0 0 0 0 0 0 0 0 0 0 0 0 0 0 0 0 0 855 0 0 0 0 0 0 0 0 0
"sq19" 0 27 254 412 0 0 268 0 0 0 0 0 678 407 29 0 0 0 0 0 0 0 75 0 0 24 0 0 0 87 23 0 10 0 0 0 0 258 0 17 55 0 0 12 0 0 234 27 126 0 0 34 9 217 0 75 0 0 78 65 207 0 0 0 273 1112 22 0 0 0 173 129 0 0 0 0 284 0 56 0 0 9 1607 231 0 0 0 0 36 0 0 2
"sq20" 0 0 0 29 0 0 0 20 65 0 100 0 0 65 10 0 0 60 102 34 0 0 87 0 23 0 0 0 0 0 16 0 248 111 0 0 0 0 0 0 0 3339 0 0 0 0 0 0 0 0 0 0 264 275 0 0 52 0 0 6 0 0 0 0 26 0 0 0 0 0 0 50 0 0 0 55 31 0 0 65 0 0 0 1518 0 0 0 28 0 0 0 30
"sq21" 6 61 164 29 243 161 96 0 27 41 0 59 160 103 0 265 61 46 0 48 125 0 62 4 0 41 157 26 56 147 22 4 8 28 37 76 70 0 0 69 134 23 0 157 69 0 183 0 51 73 102 88 93 0 0 215 11 31 56 30 115 93 230 89 509 99 4 97 76 0 169 225 133 14 49 0 0 162 126 20 33 0 132 97 103 28 0 108 28 12 71 32
"sq22" 33 87 51 52 0 0 102 0 53 314 5 26 39 163 13 99 0 118 32 1221 0 47 62 0 81 0 34 0 0 45 0 25 107 24 0 0 87 0 40 0 247 44 0 70 273 35 0 9 80 88 0 43 183 119 47 0 151 0 59 47 0 281 138 51 56 56 119 0 97 0 0 51 72 115 0 0 89 73 0 30 106 7 47 0 16 41 0 18 48 0 24 0
"sq23" 26 324 0 23 55 90 18 53 28 18 14 108 61 26 13 60 55 139 24 43 48 70 61 21 31 47 16 47 86 132 38 133 39 72 124 242 111 100 44 90 50 36 100 0 80 71 43 50 71 64 14 59 0 23 26 29 54 30 59 17 77 237 47 24 89 48 101 86 68 32 188 58 145 0 25 121 34 155 0 58 109 76 66 38 0 4 13 7 28 40 64 32
"sq27" 0 0 0 13 121 21 0 0 0 0 0 78 0 0 0 1337 0 0 0 0 0 0 0 85 0 0 413 0 23 20 0 0 0 0 1505 0 0 0 0 32 0 0 0 0 0 843 0 0 0 57 0 0 0 0 0 0 0 58 0 0 0 155 0 0 0 0 0 0 185 0 0 0 0 0 0 0 0 0 0 0 90 0 0 0 38 0 0 0 0 0 0 0
"sq28" 0 0 0 0 0 0 0 0 0 0 0 0 0 0 0 0 0 0 0 0 0 0 0 0 0 0 0 0 0 0 0 0 0 0 0 7 0 0 0 0 0 0 0 0 0 0 0 377 2128 0 0 0 0 0 0 0 0 0 0 2472 44 0 0 0 0 0 0 0 0 0 0 43 0 0 0 0 0 0 0 0 0 0 0 0 0 0 0 0 0 0 0 0
"sq29" 0 0 0 37 0 9 0 0 0 0 0 0 0 0 0 0 300 53 0 0 0 69 99 0 0 0 0 537 0 0 16 30 0 42 0 0 0 35 716 0 0 0 0 0 728 0 0 0 0 282 0 0 0 0 0 0 0 0 4 0 0 1728 0 0 0 0 2 0 0 0 0 0 78 0 0 0 0 84 0 0 0 0 57 0 27 0 0 0 0 0 0 0
"sq30" 55 582 195 62 144 0 36 0 0 60 0 9 81 231 0 83 44 17 10 18 33 0 27 0 36 194 0 36 0 164 3 0 33 0 56 39 0 0 47 0 93 0 0 44 0 0 0 0 47 0 18 0 45 9 29 27 48 39 30 0 45 77 141 60 202 33 0 0 74 18 62 65 0 0 16 54 24 0 120 34 111 3 306 154 0 226 0 0 67 10 41 25
"sq31" 31 0 0 0 128 0 0 0 88 0 0 700 0 0 0 101 0 0 0 310 0 0 0 0 517 0 17 0 0 0 0 0 0 0 0 0 0 0 0 0 0 0 862 0 0 0 0 0 0 107 0 458 0 0 0 0 0 0 0 0 0 255 0 0 0 0 0 0 0 0 0 0 78 0 0 0 0 112 0 0 0 0 0 0 8 0 0 0 0 0 0 0
"sq32" 0 0 0 0 0 0 345 0 0 0 0 0 0 0 0 0 0 0 0 0 0 0 0 0 0 0 0 0 0 1378 1916 0 0 0 0 0 0 0 0 0 0 0 0 0 0 0 0 0 0 0 0 0 0 0 0 0 0 0 0 0 0 0 0 0 0 0 0 0 0 0 0 0 0 0 0 0 0 0 0 0 0 0 0 0 0 0 0 0 0 0 0 0
"sq33" 0 75 40 15 0 45 10 15 0 3 0 0 0 0 0 0 8 0 0 0 0 0 24 0 0 16 0 45 18 0 0 5 0 0 3 0 21 0 0 29 16 0 0 0 0 0 14 14 30 0 0 0 13 0 0 0 0 0 0 17 3 0 36 0 0 0 31 15 2532 7 0 33 0 21 54 30 30 4 0 0 160 24 21 0 0 15 0 0 32 0 74 0
"sq34" 0 0 75 276 0 0 22 0 0 0 0 0 367 146 18 0 0 0 0 0 0 0 0 0 0 14 0 0 0 0 0 0 0 0 0 31 0 199 0 0 0 0 0 0 0 0 319 16 59 0 0 0 4 0 0 0 0 0 165 79 229 0 0 0 0 0 0 0 0 0 112 151 0 0 0 0 0 0 0 0 0 0 854 142 0 0 0 0 0 0 0 59
"sq36" 0 0 0 0 0 0 0 0 0 0 0 20 0 0 0 0 0 0 0 0 0 0 0 0 0 0 0 0 82 0 0 0 0 0 0 0 0 0 0 33 0 0 0 0 0 0 0 0 0 0 40 1377 0 0 0 0 0 0 0 0 2 0 0 1509 0 0 0 0 0 0 0 0 0 0 0 0 0 0 0 0 0 0 0 0 0 0 0 0 0 0 0 0
"sq37" 0 0 58 6 0 99 11 0 0 0 0 0 0 124 0 0 619 0 13 0 0 0 0 0 0 44 0 30 0 205 35 0 0 0 0 0 0 12 44 12 0 0 0 0 0 0 0 5 46 241 0 37 34 92 0 0 0 0 0 13 43 474 0 42 166 54 0 0 0 0 40 0 17 0 12 0 23 0 0 0 0 0 113 0 0 37 0 0 0 0 0 0
"sq39" 0 26 0 0 76 0 0 0 0 0 0 0 21 33 0 0 0 0 0 90 48 21 1209 0 0 0 0 0 0 0 0 0 0 156 0 14 0 0 0 0 0 26 81 66 0 53 57 0 0 0 0 0 0 0 0 85 0 0 0 0 0 114 0 26 0 0 0 42 0 0 28 145 0 0 0 99 34 17 37 0 0 0 50 0 0 0 0 46 0 0 0 77
"sq40" 0 363 0 67 0 35 143 0 0 178 0 0 0 0 0 0 0 0 34 0 0 0 0 8 0 0 0 0 87 68 0 0 134 0 18 0 0 17 0 41 0 121 40 0 0 19 22 80 23 0 0 0 0 0 67 0 447 0 4 0 40 238 0 0 0 0 54 0 0 11 0 0 0 0 0 0 0 105 0 59 0 0 0 80 0 60 25 0 0 23 28 0
"sq42" 0 49 0 0 0 0 0 0 142 0 0 0 0 0 0 0 0 0 0 0 0 0 0 0 0 0 0 0 0 0 0 0 0 0 0 0 0 0 0 0 0 0 0 0 0 1042 0 127 0 13 0 0 0 0 0 0 0 0 0 0 0 479 0 0 0 0 0 0 0 0 0 0 303 0 0 0 0 363 0 0 0 0 0 0 0 0 0 0 0 0 57 0
"sq43" 0 0 0 0 0 0 0 0 0 0 2569 0 0 0 0 0 0 0 0 0 0 0 0 0 0 0 0 0 0 0 0 0 0 0 0 0 0 0 0 0 0 0 0 0 0 0 0 0 0 0 0 0 0 0 0 0 0 0 0 0 0 0 0 0 0 0 0 0 0 0 0 0 0 0 0 0 0 0 0 2 0 0 0 0 0 0 0 0 0 0 0 0
"sq44" 0 0 0 3 0 0 0 0 0 0 2505 0 0 0 0 0 0 0 0 0 0 0 0 0 0 0 0 0 0 0 0 0 0 0 0 0 0 0 0 0 0 0 0 0 0 0 0 0 0 0 0 0 0 0 0 0 0 0 0 0 0 0 0 0 0 0 0 0 0 0 0 0 0 0 0 0 0 0 0 0 0 0 0 0 0 0 0 0 0 0 0 0
"sq45" 0 0 32 0 0 0 7 0 28 21 0 23 0 12 0 0 8 106 26 5 0 0 0 0 0 21 13 0 0 52 0 0 81 0 0 0 78 48 108 0 13 0 0 653 38 0 3 25 14 145 41 55 143 0 36 0 63 0 0 63 0 100 0 55 45 0 0 21 0 0 25 25 26 16 0 0 41 44 16 35 0 0 0 0 0 4 10 0 39 0 29 0
"sq46" 0 0 0 0 0 0 0 0 0 0 0 0 0 0 0 0 0 0 0 0 0 0 0 0 0 0 0 0 0 0 0 0 0 40 0 0 0 0 0 24 0 0 0 0 0 0 0 4 0 0 925 714 0 0 0 0 0 0 0 5 0 0 0 573 0 0 0 0 0 0 0 0 0 0 22 0 0 0 0 0 0 0 0 0 0 0 3 0 0 0 0 0
"sq47" 0 0 0 33 47 79 0 0 80 0 11 0 0 56 0 0 39 0 0 0 27 0 0 0 0 0 0 208 0 0 0 0 0 0 0 0 0 0 166 0 0 33 0 0 321 0 0 0 0 43 0 0 0 70 0 10 0 43 0 0 26 128 33 0 0 0 0 105 0 0 0 37 59 0 0 37 11 107 21 0 100 62 0 216 0 0 0 0 0 0 0 0
"sq48" 0 0 0 0 0 0 0 0 0 0 467 0 0 0 0 0 0 0 0 0 0 0 48 0 194 0 0 0 0 0 0 0 0 0 0 33 0 0 0 0 0 0 0 0 0 0 0 0 0 0 0 0 0 0 0 0 1231 0 0 0 0 0 0 0 0 0 0 0 0 29 0 0 0 0 0 0 0 0 0 0 0 198 0 0 0 0 0 0 0 0 0 0
"sq49" 0 0 0 0 0 57 0 0 0 0 24 0 0 0 0 0 531 0 0 0 0 0 93 0 25 0 0 32 0 0 0 0 0 0 118 0 0 0 0 0 0 0 0 129 0 0 0 0 0 277 0 0 0 0 0 91 0 0 0 0 0 136 0 0 0 0 0 0 0 0 0 0 0 0 0 0 0 0 310 0 25 0 0 0 15 0 0 0 0 0 148 0
"sq50" 0 165 79 0 0 0 31 0 0 0 50 0 0 0 0 0 0 0 0 0 0 0 437 8 0 0 0 0 35 0 29 0 0 0 0 60 128 0 0 0 0 0 0 0 0 0 89 58 0 0 0 0 0 0 0 0 0 133 0 58 0 0 0 0 0 0 0 0 0 0 0 164 0 76 0 152 0 0 0 0 43 0 78 0 0 0 0 0 0 0 50 50
"sq51" 0 31 135 258 0 0 26 0 0 0 0 0 241 122 10 0 0 0 0 0 0 0 0 0 0 40 0 0 0 0 0 0 0 0 0 0 67 56 0 0 19 0 0 0 0 0 120 17 46 0 0 0 0 0 0 0 0 0 0 15 95 0 0 0 0 70 0 0 0 0 0 193 0 0 0 0 31 0 0 0 0 0 303 0 0 0 0 0 28 0 0 18
"sq52" 2 39 0 0 0 0 0 0 0 0 0 0 0 0 0 0 0 0 0 0 0 0 0 0 0 0 0 0 0 0 0 0 0 0 0 0 0 0 0 0 0 0 0 0 0 1459 0 0 0 0 0 0 0 0 0 0 0 0 0 0 0 165 0 0 0 0 0 0 0 0 0 0 87 0 0 0 0 145 0 0 0 0 0 0 0 0 0 0 0 0 0 0
"sq53" 0 0 246 1459 0 0 0 0 0 0 0 0 0 128 0 0 0 0 0 0 0 0 0 0 0 0 0 0 0 0 0 0 0 0 0 0 0 0 0 0 0 0 0 0 0 0 0 0 0 0 0 0 0 0 0 0 0 0 0 0 0 0 0 0 0 0 0 0 0 0 0 0 0 0 0 0 0 0 0 0 0 0 0 0 0 0 0 0 0 0 0 0
"sq55" 0 0 47 15 0 0 0 0 0 0 0 34 0 0 25 190 0 0 0 30 0 0 0 0 0 17 48 16 45 0 0 0 0 0 17 0 120 29 0 68 0 0 0 0 0 163 91 11 0 0 0 104 0 0 0 0 0 35 0 0 0 19 0 61 28 30 0 0 28 0 25 63 39 0 24 0 0 74 49 0 19 0 0 35 31 0 4 0 0 0 23 0
"sq56" 9 0 68 6 0 0 6 0 0 0 0 26 0 13 0 0 24 36 0 0 25 0 70 7 0 0 36 0 81 28 56 12 12 10 0 0 25 0 16 17 0 0 0 0 98 0 0 14 6 48 146 13 0 0 0 0 50 28 30 20 0 35 0 10 21 66 0 45 113 0 50 0 0 22 0 0 0 0 0 0 41 0 38 0 0 15 0 0 77 29 0 0
"sq58" 0 0 0 0 0 0 0 0 0 0 0 31 0 0 0 417 0 0 0 0 0 0 0 34 0 0 249 0 41 0 0 0 0 0 356 0 0 0 0 0 0 0 0 0 0 210 0 0 0 0 0 0 0 0 0 0 0 54 0 0 0 125 0 0 0 0 0 0 0 0 0 0 0 0 0 0 0 0 0 0 0 0 0 0 0 0 16 0 19 0 0 0
"sq62" 0 0 0 0 0 0 0 0 0 0 0 0 0 0 0 0 0 0 0 0 0 0 0 0 0 0 0 21 0 0 5 0 0 0 26 0 0 0 64 0 0 0 0 0 0 0 0 0 0 0 0 0 0 29 0 0 0 0 32 0 0 0 51 0 0 0 0 0 0 0 0 0 0 0 0 0 0 0 0 0 88 163 0 983 0 0 24 5 0 0 0 0
"sq63" 55 78 18 22 0 0 0 0 6 0 49 0 22 29 49 0 0 0 11 0 0 0 0 0 0 0 0 0 0 0 0 35 0 0 55 43 24 0 0 0 0 0 0 20 45 0 0 0 83 0 15 0 12 0 0 0 89 0 34 0 69 0 0 17 71 0 0 0 19 0 0 260 0 19 0 0 12 30 0 0 0 0 46 22 0 74 0 23 0 5 0 0
"sq65" 0 0 197 92 0 0 0 0 0 0 0 0 0 164 155 0 0 0 0 0 0 0 0 0 0 391 0 0 0 0 99 0 0 0 0 73 0 0 0 0 0 0 0 0 0 0 0 0 0 0 0 0 0 0 0 0 127 0 0 0 121 0 0 0 0 0 0 0 0 0 0 0 0 0 0 0 0 0 0 0 0 0 0 0 0 0 0 0 0 0 0 0
"sq67" 0 76 0 77 0 0 0 0 24 0 727 0 0 0 0 0 0 0 14 0 0 0 29 13 16 0 0 0 0 0 0 0 19 61 0 0 0 0 0 0 0 0 0 0 0 0 0 0 0 0 0 0 0 0 0 0 94 0 0 35 0 0 0 0 0 0 0 0 0 0 0 21 0 0 0 0 0 0 0 32 0 0 37 106 0 0 0 0 0 0 0 0
"sq68" 0 0 206 83 0 0 0 0 0 0 0 0 85 220 31 0 0 0 0 0 0 0 0 0 0 0 0 0 0 0 0 0 0 0 0 0 10 31 0 0 0 0 0 0 0 0 0 10 0 0 0 0 0 0 0 0 0 0 30 40 80 0 0 0 0 0 0 0 0 0 0 161 0 0 0 0 0 0 0 0 0 0 291 72 0 0 0 0 0 0 0 0
"sq69" 0 0 0 0 0 0 141 0 0 0 0 0 0 0 0 78 0 0 0 0 0 0 0 11 0 0 0 0 0 263 54 0 0 0 92 0 0 0 0 0 139 0 0 0 0 76 0 0 0 0 0 0 27 0 0 0 0 0 0 0 17 0 0 0 328 0 0 0 0 0 0 0 0 0 0 0 19 0 0 0 0 72 8 0 0 0 0 0 0 0 0 0
"sq70" 0 0 0 108 0 0 0 0 0 0 0 0 225 74 0 0 0 0 0 0 0 0 0 0 0 0 0 0 0 0 0 0 0 0 0 0 0 0 0 0 0 0 0 0 0 0 98 0 0 0 0 0 0 0 0 0 0 0 42 26 171 0 0 0 0 0 0 0 0 0 0 245 0 0 0 0 0 0 0 45 0 0 214 0 0 0 0 0 0 0 0 0
"sq71" 0 75 0 0 0 0 0 0 0 0 0 0 0 0 0 0 0 0 0 0 0 0 0 0 0 0 0 0 0 0 0 0 0 53 0 0 0 0 0 0 0 60 0 0 0 0 0 0 0 0 0 0 0 63 0 0 0 0 0 0 0 0 137 0 0 0 0 122 0 0 0 0 0 0 0 99 0 0 0 0 0 0 0 633 0 0 0 0 0 0 0 0
"sq72" 0 0 63 57 0 0 0 0 0 0 0 0 243 178 22 0 0 0 0 0 0 0 0 0 0 45 0 0 0 0 0 0 0 0 0 0 21 45 0 0 0 0 0 0 0 0 49 0 53 0 0 0 0 0 0 0 0 0 18 14 94 0 0 0 0 0 0 0 0 0 0 31 0 0 0 0 0 0 0 0 0 0 235 44 0 0 0 0 0 0 0 0
"sq73" 0 0 0 0 0 0 0 0 0 0 0 0 0 0 0 186 0 0 0 0 0 0 0 0 0 0 179 0 0 0 0 0 0 0 495 0 0 0 0 0 0 0 0 0 0 236 0 0 0 0 0 0 0 0 0 0 0 0 0 0 0 0 0 0 0 0 0 0 0 0 0 0 0 0 0 0 0 0 0 0 112 0 0 0 0 0 0 0 0 0 0 0
"sq74" 0 0 0 0 0 0 0 0 96 0 0 0 0 0 0 0 0 0 0 0 0 0 0 0 0 0 0 0 0 0 0 0 0 0 0 0 0 0 0 0 0 0 0 0 0 467 0 0 0 0 0 0 0 0 0 0 0 0 0 0 0 196 0 0 0 0 0 0 0 2 0 0 121 0 0 0 0 203 0 0 0 0 0 0 0 0 0 0 0 0 0 0
"sq76" 0 0 0 10 46 54 7 0 0 0 8 0 47 0 0 27 16 0 11 0 11 27 0 0 0 0 0 0 40 0 42 57 0 0 0 0 0 0 65 0 51 0 0 0 0 0 0 0 0 20 0 0 0 0 29 0 0 0 20 0 12 310 0 6 0 0 0 22 0 0 0 0 0 0 0 0 0 0 0 0 0 0 21 0 0 0 15 0 0 29 32 0
"sq78" 294 0 0 0 0 0 0 0 0 0 18 0 31 0 0 0 0 0 0 0 0 0 0 94 0 0 0 0 0 0 0 0 0 0 6 64 0 0 0 0 0 0 0 0 0 0 0 0 0 27 0 0 0 0 0 0 0 0 39 0 0 0 0 0 0 0 0 0 20 0 0 0 188 0 0 0 0 227 0 0 0 0 0 0 23 0 0 0 0 0 0 0
"sq79" 0 0 0 41 0 0 91 0 0 0 0 0 116 100 0 0 0 0 0 0 0 0 0 0 0 32 0 0 0 192 22 0 0 0 0 0 0 49 0 0 0 0 0 0 0 0 14 0 0 0 0 0 19 0 0 0 0 0 0 0 0 0 0 0 233 0 0 0 0 0 0 66 0 0 0 0 0 0 0 0 0 0 52 0 0 0 0 0 0 0 0 0
"sq82" 0 0 0 0 0 0 0 0 0 0 0 0 183 46 0 0 0 0 0 0 0 0 0 0 0 0 0 0 0 0 0 0 0 0 0 52 0 0 0 0 0 0 0 0 0 0 26 0 95 0 0 0 0 0 0 0 0 0 0 0 226 0 0 0 0 0 0 0 0 0 0 282 0 0 0 0 0 0 0 0 0 0 18 14 0 0 0 0 0 0 0 39
"sq83" 0 0 0 44 0 0 0 0 0 0 0 0 0 109 0 16 84 57 0 0 0 0 0 0 0 11 0 113 0 0 0 43 18 0 0 0 59 0 0 0 0 0 0 0 0 0 0 8 0 0 6 0 0 36 0 0 0 0 0 0 0 0 136 55 0 0 0 0 0 5 0 69 0 37 0 0 0 0 0 0 0 0 0 0 0 0 12 25 18 8 0 0
"sq84" 17 0 0 10 0 30 0 0 5 0 0 0 0 0 0 40 0 0 0 14 0 0 0 0 0 60 0 0 0 0 0 31 0 0 41 0 0 0 14 14 0 0 0 0 39 20 0 11 18 0 0 0 14 0 15 0 103 0 19 0 0 0 0 0 19 13 24 51 46 5 0 0 0 91 0 0 0 20 0 41 24 0 0 0 11 34 0 0 7 0 0 17
"sq86" 0 94 0 83 136 0 0 0 0 0 0 0 0 0 0 0 0 0 0 0 0 0 13 0 0 0 0 0 0 0 0 0 0 0 0 8 0 0 44 0 0 0 0 0 157 0 14 0 44 0 0 0 0 0 0 0 0 0 0 0 169 0 0 0 0 0 0 0 0 8 0 27 0 0 0 0 0 0 0 0 0 118 0 0 0 0 0 0 0 0 0 0
"sq87" 0 0 79 15 0 0 0 0 59 0 0 0 0 455 0 0 18 0 0 0 0 0 0 0 0 150 0 0 28 26 0 0 0 0 0 0 7 0 0 24 0 0 0 0 0 0 0 0 0 0 0 0 0 0 0 0 0 0 0 0 0 0 0 0 0 0 0 0 0 0 0 33 0 0 0 0 0 0 0 0 0 0 15 0 0 0 0 0 0 0 0 0
"sq89" 0 0 0 0 0 0 0 0 0 0 0 0 0 0 0 0 0 0 0 0 0 0 0 0 0 33 0 0 0 0 0 0 0 0 0 0 0 0 0 0 0 0 0 0 0 0 0 0 0 0 0 0 0 0 0 0 0 0 0 0 0 0 0 0 0 0 0 0 0 0 0 0 0 0 0 0 0 0 0 0 0 0 777 0 0 0 0 0 0 0 0 0
"sq91" 0 0 0 19 0 0 0 0 0 0 0 0 0 0 0 277 0 0 0 0 0 0 0 14 0 0 109 0 0 0 0 0 0 0 215 0 0 0 0 0 0 0 0 0 0 65 0 0 0 0 0 0 0 0 0 0 0 0 0 0 0 0 0 0 0 0 0 0 0 0 0 0 46 0 0 0 0 18 0 0 0 0 0 0 0 0 0 0 0 0 0 0
"sq92" 0 0 0 0 0 0 0 0 0 0 0 0 42 72 0 0 0 0 0 0 0 0 0 0 0 104 0 0 0 0 0 0 0 0 0 0 0 43 0 0 0 0 0 8 0 0 0 0 0 0 0 0 0 0 0 0 0 0 0 0 0 425 0 0 0 0 0 0 0 0 0 30 0 0 0 0 0 0 0 0 0 0 30 0 0 0 0 0 0 0 0 0
"sq93" 0 0 3 49 0 0 0 0 0 0 0 0 74 140 0 0 0 0 0 0 0 0 0 0 0 0 0 0 0 0 0 0 0 0 0 0 0 30 0 0 16 0 0 0 0 0 43 0 0 0 0 0 0 0 0 0 0 0 11 9 94 0 0 0 50 0 0 0 0 0 0 41 0 0 0 0 0 0 0 0 0 0 179 0 0 0 0 0 0 0 0 0
"sq95" 0 0 0 0 0 0 0 0 0 0 0 0 41 70 0 0 93 0 0 0 0 0 0 0 0 0 0 0 101 0 0 0 0 65 0 0 0 77 87 46 76 6 0 0 0 0 0 0 0 0 0 0 0 0 0 0 0 0 0 0 0 0 0 0 0 0 0 0 0 0 0 4 0 0 0 0 0 0 0 0 0 0 20 0 0 0 0 0 0 0 38 0
"sq96" 0 0 25 0 0 0 0 0 0 0 0 0 287 0 0 0 0 0 0 0 0 0 0 0 0 0 0 0 0 0 0 0 0 0 0 0 0 0 0 0 0 0 0 0 0 0 245 0 0 0 0 0 0 12 0 0 0 0 90 8 39 0 0 0 0 0 0 0 0 0 0 0 0 0 0 0 0 0 0 0 0 0 0 14 0 0 0 0 0 0 0 0
"sq98" 0 0 0 0 0 0 0 0 0 0 0 0 0 0 0 0 0 0 0 0 0 0 0 0 0 0 0 0 0 0 0 0 0 0 19 0 0 0 0 0 0 0 0 0 0 0 0 0 0 0 0 0 0 0 0 0 31 0 0 0 0 0 0 0 0 0 0 0 661 0 0 0 0 0 0 0 0 0 0 0 0 0 0 0 0 0 0 0 0 0 0 0
"sq99" 0 0 0 0 0 0 0 0 0 0 0 0 0 0 0 5 0 0 0 0 0 0 0 0 0 0 0 0 0 0 0 0 0 0 0 0 0 0 0 0 0 0 0 0 0 0 0 0 0 0 0 0 0 0 0 0 0 0 0 0 0 0 0 0 0 26 0 0 0 0 0 0 353 0 18 0 0 302 0 0 0 0 0 0 0 0 0 0 0 0 0 0
"sq100" 0 0 0 13 0 0 0 0 0 0 81 19 0 0 0 0 0 0 0 0 0 0 0 0 0 0 0 0 0 0 0 0 0 0 0 10 0 0 0 0 0 0 0 0 0 0 0 14 0 0 0 0 0 0 0 0 0 0 0 0 0 0 0 0 0 0 0 0 0 0 0 45 0 0 0 0 0 0 0 0 0 0 33 481 0 0 0 0 0 0 0 0
"sq101" 0 35 0 29 0 0 0 0 0 0 0 0 0 0 0 24 0 56 0 42 0 0 0 0 11 0 18 0 0 0 0 0 0 0 0 0 0 0 0 0 0 34 0 42 0 0 40 9 76 59 13 0 17 17 0 0 0 0 0 38 0 0 41 0 0 0 27 0 11 0 0 0 0 0 0 0 23 0 0 0 0 0 0 0 10 8 0 0 14 0 0 0
"sq102" 0 33 0 0 0 0 0 0 0 0 0 112 0 0 0 0 0 0 0 46 0 0 0 0 167 0 28 0 0 0 0 0 0 0 0 0 0 0 55 0 0 0 149 0 0 0 0 0 0 0 0 96 0 0 0 0 0 0 0 0 0 0 0 0 0 0 0 0 4 0 0 0 0 0 0 0 0 0 0 0 0 0 0 0 0 0 0 0 0 0 0 0
"sq104" 0 68 0 0 0 0 0 0 0 28 0 13 0 0 0 0 0 0 0 24 0 0 0 11 0 0 0 19 0 0 0 0 0 0 0 0 0 25 0 12 0 0 3 7 0 24 0 0 0 20 0 0 24 0 0 0 72 23 0 0 0 0 8 0 0 0 0 0 35 0 0 19 8 19 20 0 0 59 29 0 0 0 0 18 0 0 0 0 6 0 0 0
"sq106" 0 23 40 43 0 0 0 0 0 0 0 0 83 42 0 0 0 0 0 0 0 0 0 0 0 0 0 0 0 0 0 0 0 0 0 0 0 0 0 0 0 0 0 0 0 0 67 9 0 0 0 0 0 0 0 0 0 0 0 0 108 0 0 0 0 0 0 0 0 0 0 67 0 0 0 0 0 0 0 0 0 0 172 0 0 0 0 0 0 0 0 0
"sq108" 0 0 0 0 45 10 38 0 0 0 0 0 0 0 0 0 10 44 0 0 0 0 38 0 0 0 0 0 0 0 0 0 0 0 10 0 0 0 0 0 0 0 18 0 0 0 0 0 0 0 82 0 39 0 0 0 0 0 35 48 0 89 34 0 0 0 0 0 0 0 17 0 0 55 0 0 0 0 0 0 0 0 0 7 0 0 0 0 0 17 0 0
"sq110" 26 0 23 0 0 0 0 20 0 0 0 0 0 0 0 0 0 0 0 0 0 0 0 4 0 0 0 0 0 0 0 0 0 0 28 33 0 0 0 0 0 0 0 0 0 0 85 0 0 42 0 0 0 0 0 26 0 0 20 0 0 0 50 0 0 0 0 34 0 0 0 92 0 0 0 32 0 0 0 12 0 88 0 0 0 0 0 9 0 0 0 0
"sq113" 0 376 0 0 0 0 0 0 0 0 0 0 0 0 0 0 0 0 0 0 0 0 0 0 0 0 0 0 0 15 0 0 0 0 0 0 0 0 0 0 0 0 0 0 0 222 0 0 0 0 0 0 0 0 0 0 0 0 0 0 0 0 0 0 0 0 0 0 0 0 0 0 0 0 0 0 0 0 0 0 0 0 0 0 0 0 0 0 0 0 0 0
"sq114" 0 0 0 0 0 0 0 0 0 0 0 0 10 0 0 0 0 0 0 0 0 0 0 0 0 0 0 0 0 0 0 0 0 0 0 0 0 0 0 0 0 0 0 0 107 0 0 0 0 0 0 0 0 8 0 20 0 0 0 0 0 0 0 0 0 0 0 0 439 0 0 0 0 0 0 27 0 0 0 0 0 0 0 0 0 0 0 0 0 0 0 0
"sq115" 0 0 0 0 0 0 0 0 0 0 0 0 0 0 0 0 74 0 0 0 0 0 19 0 0 0 0 0 0 0 0 0 0 0 0 0 0 0 0 22 0 0 0 14 0 0 0 0 0 225 0 43 0 0 0 0 0 0 0 0 0 0 0 52 0 0 0 0 0 0 0 0 0 86 56 0 0 0 0 0 0 0 0 0 0 0 9 0 0 0 0 0
"sq116" 0 0 0 19 0 0 0 0 0 0 0 0 115 31 0 0 0 0 0 0 0 0 0 0 0 0 0 0 0 0 0 0 0 0 0 0 30 43 0 0 0 0 0 0 0 0 13 0 44 0 0 0 0 0 0 0 0 0 23 12 31 0 0 0 0 0 0 0 0 0 0 120 0 0 0 0 29 0 0 0 0 0 87 0 0 0 0 0 0 0 0 0
"sq118" 0 0 0 0 0 0 8 23 0 0 0 0 0 0 0 0 0 0 0 0 0 0 19 0 0 0 0 0 0 0 0 0 0 0 0 0 0 0 0 0 257 18 0 15 0 0 0 0 0 0 0 0 3 0 23 0 65 0 0 0 0 0 0 14 20 0 0 0 0 0 0 0 0 0 0 0 0 0 0 0 0 25 10 29 0 0 24 0 0 0 0 35
"sq119" 0 0 0 0 0 0 0 0 0 0 17 0 0 0 0 0 0 0 0 0 0 0 0 0 0 0 0 0 0 0 0 0 0 0 0 0 0 0 0 0 0 0 0 75 0 0 0 0 0 0 0 0 0 0 0 17 0 0 0 0 0 0 0 0 0 0 0 132 0 0 0 0 0 0 0 0 0 0 298 0 0 0 0 0 0 0 0 0 0 0 27 0
"sq120" 0 0 0 8 0 0 0 0 0 0 253 0 0 0 0 0 0 0 0 0 0 0 0 0 0 0 0 0 0 0 0 0 0 0 0 0 0 0 0 0 0 110 0 0 63 0 0 0 0 0 0 0 0 0 0 44 0 0 0 0 0 0 0 0 0 0 0 0 0 0 0 0 0 0 0 0 0 0 0 0 0 0 17 66 0 0 0 0 0 0 0 0
"sq123" 0 0 0 0 0 0 0 0 0 0 0 0 0 0 0 0 0 0 0 0 0 0 0 0 0 0 0 0 0 0 0 0 0 0 0 0 0 2 0 0 0 544 0 0 0 0 0 0 0 0 0 0 0 0 0 0 0 0 0 0 0 0 0 0 0 0 0 0 0 0 0 0 0 0 0 0 0 0 0 0 0 0 0 0 0 0 0 0 0 0 0 0
"sq124" 0 0 26 0 0 0 0 0 0 33 0 0 0 0 0 0 0 0 0 0 0 0 21 0 0 0 0 0 0 0 0 0 9 0 0 0 0 0 0 0 0 0 0 0 0 0 0 0 0 0 412 10 0 0 0 0 0 0 0 0 0 0 22 0 0 0 0 0 0 0 0 0 0 0 0 0 0 0 0 0 0 0 0 0 0 0 0 0 0 0 0 11
"sq125" 0 97 0 12 0 0 0 0 0 0 0 6 0 0 0 0 0 0 0 0 0 0 82 0 0 0 0 0 0 0 0 0 0 0 0 0 110 0 0 0 0 0 0 0 18 0 0 41 0 0 0 0 0 0 0 0 0 45 0 106 0 19 0 0 0 0 0 0 0 0 0 0 0 0 0 0 0 0 0 0 0 0 0 0 0 0 0 0 0 0 0 0
"sq127" 0 0 0 0 0 0 0 0 0 0 0 0 0 0 0 0 11 0 0 0 0 0 234 0 0 0 0 0 0 0 0 0 0 0 0 0 0 0 0 0 0 0 0 0 0 0 0 0 0 0 0 10 0 0 0 0 0 0 0 0 0 0 0 0 0 0 0 0 0 0 0 0 158 0 0 0 0 121 0 0 0 0 0 0 0 0 0 0 0 0 0 0
"sq128" 0 0 14 0 0 0 0 0 0 0 0 11 0 0 0 0 0 0 0 0 45 0 47 0 0 0 17 0 0 0 0 0 0 0 0 0 54 0 0 0 0 0 0 0 0 0 0 12 0 43 0 0 0 0 0 0 58 0 0 0 0 0 0 18 0 0 0 0 0 0 0 50 0 27 0 0 0 0 0 0 0 0 0 0 0 0 41 0 95 0 0 0
"sq129" 0 0 0 0 0 0 0 0 0 0 0 0 0 0 0 241 0 0 0 0 0 0 0 0 0 0 92 0 0 0 0 0 0 0 154 0 0 0 0 0 0 0 0 0 0 0 0 0 0 0 0 0 0 0 0 0 0 43 0 0 0 0 0 0 0 0 0 0 0 0 0 0 0 0 0 0 0 0 0 0 0 0 0 0 0 0 0 0 0 0 0 0
"sq133" 0 0 0 0 0 0 0 0 0 0 0 16 0 0 0 136 0 0 0 0 0 0 0 48 0 0 130 0 0 0 0 0 0 0 0 0 0 0 0 0 0 0 0 0 0 32 0 0 0 39 0 0 0 0 0 0 0 83 0 0 0 21 0 0 0 0 0 0 0 0 0 0 0 0 0 0 0 0 0 0 0 0 0 15 0 0 0 0 0 0 0 0
"sq134" 0 63 0 0 0 0 0 0 18 0 0 0 0 0 0 0 0 0 0 0 0 0 0 0 0 0 0 0 0 0 0 0 0 0 0 0 0 0 0 0 0 0 0 0 0 327 0 0 0 0 0 0 0 0 0 0 0 0 0 0 0 0 0 0 0 0 0 0 0 0 0 0 28 0 0 0 0 46 0 0 0 0 0 0 0 0 0 0 0 0 34 0
"sq135" 0 0 0 0 0 0 0 0 0 0 0 0 0 0 0 0 0 0 0 0 0 0 0 0 0 0 0 0 0 0 0 0 0 0 0 0 0 0 0 0 0 0 0 0 0 0 0 0 0 0 0 0 0 8 0 0 0 0 0 0 0 0 0 0 7 0 0 0 0 0 0 0 0 0 0 8 0 0 0 0 0 0 0 490 0 0 0 0 0 0 0 0
"sq136" 0 169 0 21 0 0 0 0 0 21 0 0 36 0 0 0 0 0 0 0 0 23 0 0 0 34 0 0 0 0 0 0 0 0 0 0 0 0 0 15 0 0 54 0 35 0 0 14 15 0 0 0 0 0 0 0 0 0 18 0 0 0 0 0 0 0 0 0 0 0 0 14 0 0 16 0 0 0 0 0 0 0 23 0 0 0 0 0 0 0 0 0
"sq137" 0 0 0 0 0 0 0 0 34 0 9 0 0 0 0 0 0 0 0 0 0 0 0 0 0 0 0 0 7 0 0 0 0 0 0 0 0 0 0 0 0 0 0 0 0 0 0 0 0 0 0 0 0 0 0 0 0 0 9 0 0 0 0 0 0 0 0 0 0 0 0 0 0 0 0 0 0 0 0 0 0 0 0 447 0 0 0 0 0 0 0 0
"sq138" 0 0 0 0 0 0 0 0 4 0 0 0 0 0 0 116 0 0 6 0 0 0 21 0 0 0 0 0 0 40 0 0 0 0 0 0 75 0 9 0 0 0 0 118 0 0 0 30 0 0 38 0 0 0 0 0 0 0 0 15 0 0 0 0 0 0 0 0 24 0 0 0 0 0 0 0 0 0 10 0 0 0 0 0 0 0 0 0 0 0 0 0
"sq139" 0 0 0 0 0 0 0 0 0 0 0 0 0 0 0 0 0 0 0 0 0 0 0 0 0 0 0 0 0 0 0 0 0 0 0 0 0 0 0 0 0 0 0 0 0 0 0 0 0 0 0 0 0 0 0 0 0 0 0 0 0 0 0 0 0 0 0 0 0 0 0 0 259 0 0 0 0 235 0 0 0 0 0 0 0 0 0 0 0 0 0 0
"sq140" 0 0 0 0 0 0 0 0 0 0 0 0 0 0 0 0 225 0 0 0 0 0 0 5 0 0 0 0 0 0 0 0 0 0 44 0 0 0 0 0 0 0 0 0 0 0 0 0 0 96 0 0 0 0 0 0 0 0 0 0 0 94 0 12 0 0 0 0 0 0 0 0 7 0 0 0 0 0 0 0 0 0 0 0 9 0 0 0 0 0 0 0
"sq141" 31 0 18 0 0 8 0 0 0 0 0 0 63 0 3 0 0 0 0 0 32 0 0 0 0 0 0 0 0 0 0 0 0 0 0 0 0 0 0 0 0 0 0 0 0 0 0 0 0 0 0 0 0 0 0 0 0 0 0 0 0 0 79 0 27 0 0 84 0 0 10 26 0 72 0 24 0 0 0 0 0 0 0 0 0 11 0 0 0 0 0 0
"sq146" 0 24 41 0 0 0 0 35 0 25 0 0 0 0 0 47 0 0 0 0 0 0 0 0 19 0 0 0 0 0 0 0 36 0 0 18 0 0 0 0 29 0 0 26 0 0 0 0 0 0 0 0 17 0 0 0 0 0 0 0 0 19 44 0 0 0 0 0 15 0 0 15 34 0 0 0 0 0 0 16 0 0 0 0 0 19 0 0 0 0 0 0
"sq147" 0 0 0 0 0 0 0 0 0 0 226 0 0 0 0 0 0 0 0 0 0 0 0 0 0 0 0 0 0 0 0 0 0 0 0 0 0 0 0 0 0 0 0 0 0 0 122 0 0 0 0 0 0 0 0 0 0 0 129 0 0 0 0 0 0 0 0 0 0 0 0 0 0 0 0 0 0 0 0 0 0 0 0 0 0 0 0 0 0 0 0 0
"sq148" 0 0 0 0 0 0 0 0 0 0 0 0 0 0 0 0 0 0 0 0 0 0 0 0 0 0 0 0 8 0 0 0 0 0 0 0 0 0 0 0 0 0 0 0 0 0 0 0 0 0 0 219 0 0 0 0 0 0 0 0 0 0 0 242 0 0 0 0 0 0 0 0 0 0 0 0 0 0 0 0 0 0 0 0 0 0 0 0 0 0 0 0
"sq149" 0 0 15 0 0 0 0 0 0 0 0 0 0 0 0 0 0 0 0 0 0 0 0 0 0 0 0 0 0 0 0 0 0 0 0 0 53 0 0 0 0 0 0 0 0 85 0 26 0 43 39 0 0 0 0 0 0 0 0 50 0 14 0 0 0 0 0 0 0 0 0 38 0 32 0 0 43 0 0 0 0 0 0 0 0 0 20 0 0 0 0 0
"sq150" 0 0 0 0 0 0 0 0 0 0 0 0 0 0 0 0 0 0 0 0 0 0 0 0 0 21 0 0 0 0 0 0 0 0 0 0 0 0 0 8 0 0 0 0 0 0 0 0 0 0 0 0 0 0 0 0 0 0 0 0 13 410 0 0 0 0 0 0 0 0 0 0 0 0 0 0 0 0 0 0 0 0 0 0 0 0 0 0 0 0 0 0
"sq151" 0 0 0 22 0 0 0 0 0 0 0 63 0 0 0 138 0 0 0 0 0 0 0 0 0 0 48 0 0 0 0 0 0 0 44 0 0 0 0 0 0 0 0 0 0 0 25 15 0 0 0 0 0 0 0 0 0 0 0 0 0 0 0 0 15 29 0 0 0 0 0 35 0 0 0 0 0 0 0 0 0 0 17 0 0 0 0 0 0 0 0 0
"sq152" 0 0 0 9 0 26 0 0 0 0 0 0 0 0 0 74 0 0 0 0 0 0 0 0 0 0 81 0 0 0 0 0 0 0 163 0 0 0 0 0 0 0 0 0 0 31 0 0 0 13 0 0 0 0 0 0 0 0 0 0 0 0 0 0 0 0 0 0 0 0 0 23 0 0 0 0 0 0 0 0 29 0 0 0 0 0 0 0 0 0 0 0
"sq154" 0 0 0 13 0 0 0 0 0 0 0 0 0 0 0 37 0 0 0 0 0 0 0 0 0 0 0 0 0 0 0 0 0 0 43 0 0 0 0 0 0 12 0 0 0 0 0 0 0 0 0 0 0 0 0 0 0 0 0 19 0 0 0 0 0 0 0 0 0 0 0 0 0 0 0 0 0 0 0 0 0 0 0 319 3 0 0 0 0 0 0 0
"sq156" 0 0 10 11 0 0 0 0 0 0 33 0 0 0 0 105 0 0 23 0 0 0 0 0 0 0 45 0 0 0 17 0 0 0 36 0 0 0 0 0 0 22 0 0 0 40 0 0 0 0 0 0 0 0 0 0 0 0 0 0 0 0 0 0 0 0 0 0 0 0 0 0 0 0 0 0 0 0 0 0 43 0 0 54 0 0 0 0 0 0 0 0
"sq157" 0 58 0 0 0 0 13 44 0 0 0 0 0 0 0 0 0 0 0 0 0 0 0 0 0 0 0 0 0 0 0 0 15 0 24 10 0 0 10 0 0 0 0 0 0 0 0 16 0 0 0 0 0 0 0 0 45 0 0 0 0 0 0 0 0 0 67 0 0 21 24 0 0 0 0 0 11 0 0 0 0 52 0 8 10 0 0 0 0 10 0 0
"sq158" 0 0 0 0 0 0 0 0 0 0 0 0 0 0 0 0 0 0 0 0 0 0 29 0 0 0 0 0 0 0 0 0 0 13 0 0 0 0 0 0 0 0 0 0 0 0 0 0 0 0 0 0 0 0 0 58 0 0 0 0 0 0 0 0 0 0 0 26 0 0 0 0 0 0 0 0 0 0 272 0 0 0 0 0 0 0 0 0 0 0 40 0
"sq161" 0 0 0 0 0 0 0 0 0 0 0 0 46 0 0 39 0 0 0 0 0 0 0 0 23 0 0 0 238 0 0 0 0 0 0 0 0 0 0 14 0 0 0 0 0 0 0 0 0 0 0 0 0 0 0 0 0 0 0 0 0 47 0 0 0 0 0 0 0 0 0 0 0 0 0 0 0 0 0 0 0 0 0 0 0 0 14 0 0 0 0 0
"sq163" 0 0 0 0 0 0 0 0 0 0 0 0 42 0 0 0 0 0 0 0 0 0 0 0 0 0 0 0 0 0 0 0 0 0 0 43 0 0 0 0 0 0 0 0 0 0 0 0 0 0 0 0 0 0 0 0 0 0 0 0 0 0 0 0 0 0 0 0 0 0 0 61 138 0 0 0 0 112 0 0 0 0 0 0 0 0 20 0 0 0 0 0
"sq164" 0 0 0 0 0 0 0 0 0 0 0 0 0 0 0 0 0 0 0 0 0 0 0 0 0 0 0 0 0 0 15 0 0 0 0 0 0 0 0 0 0 357 0 0 0 0 0 0 0 0 0 0 0 0 0 0 0 0 0 0 0 0 0 0 0 0 0 0 0 0 0 0 0 0 0 0 0 0 0 0 0 0 0 37 0 0 0 0 0 0 0 0
"sq165" 0 4 7 0 32 0 0 0 0 0 0 0 0 0 0 50 0 0 0 10 0 0 0 0 0 0 0 0 0 0 0 10 0 0 0 0 0 0 0 0 0 0 0 25 0 0 0 0 0 0 0 0 19 0 0 0 0 0 0 0 0 54 25 36 0 17 0 0 0 0 0 0 0 72 0 0 12 0 0 0 0 0 0 6 0 0 0 0 22 0 0 0
"sq166" 0 0 0 30 0 0 0 0 0 0 0 0 33 17 11 0 0 0 0 0 0 0 0 0 0 0 0 0 0 0 0 0 0 0 0 10 0 0 0 0 0 0 0 0 0 0 84 0 0 0 0 0 0 0 0 0 0 0 0 0 106 0 0 0 0 0 0 0 0 0 0 0 0 0 0 0 23 0 0 0 0 0 85 0 0 0 0 0 0 0 0 0
"sq167" 0 0 0 0 0 0 0 0 0 0 8 0 0 0 0 60 4 19 0 0 0 0 0 0 0 0 0 0 0 0 0 0 79 7 0 0 0 0 34 0 111 0 0 0 0 0 0 0 0 0 0 0 0 0 0 0 0 0 0 0 0 0 0 0 0 0 0 0 0 0 0 32 0 0 0 0 0 0 0 0 0 0 0 0 0 0 45 0 0 0 0 0
"sq168" 0 0 0 0 0 0 0 0 0 0 0 0 0 0 0 0 0 0 0 0 0 0 0 0 0 22 0 0 43 0 0 0 0 0 0 0 0 0 0 0 0 0 0 0 0 0 0 0 0 0 0 0 0 0 0 0 0 0 0 0 0 0 0 0 0 0 0 0 333 0 0 0 0 0 0 0 0 0 0 0 0 0 0 0 0 0 0 0 0 0 0 0
"sq169" 0 0 0 0 0 0 20 40 38 0 10 0 0 0 0 0 17 0 12 0 0 15 0 0 5 0 0 0 0 0 11 0 0 44 0 0 0 0 0 50 0 6 0 0 0 0 11 0 0 5 0 24 0 0 0 0 0 0 0 0 0 15 0 0 0 0 39 0 0 0 0 0 15 0 0 0 0 13 0 0 0 0 0 0 0 0 0 0 0 0 0 0
"sq170" 0 0 10 0 0 0 0 0 11 0 0 0 0 0 0 57 11 0 0 0 0 20 34 0 0 0 106 20 0 0 0 0 0 0 53 0 0 0 0 0 0 0 0 0 0 0 0 0 0 0 0 0 0 0 0 0 0 0 0 0 0 0 0 0 10 0 0 0 8 0 9 0 0 0 8 0 0 0 0 0 0 0 0 0 0 0 0 0 0 30 0 0
"sq172" 0 28 0 0 0 0 0 0 0 0 0 0 0 0 0 0 0 0 0 0 0 0 0 0 0 0 0 0 0 0 0 0 0 0 0 0 0 0 0 0 0 0 0 0 0 241 0 0 0 0 0 0 0 0 0 0 0 0 0 0 0 0 0 0 0 0 0 0 0 0 0 0 40 0 0 0 0 74 0 0 0 0 0 0 0 0 0 0 0 0 0 0
"sq173" 0 0 0 0 0 0 0 0 0 0 0 0 0 0 0 0 0 0 0 0 0 0 0 0 0 0 0 0 0 0 0 0 0 0 0 0 0 0 0 0 0 0 0 0 0 0 0 0 0 0 0 0 0 0 0 0 0 0 0 0 0 0 0 0 0 0 0 0 0 0 0 0 177 0 0 0 0 205 0 0 0 0 0 0 0 0 0 0 0 0 0 0
"sq174" 0 0 0 0 0 0 0 0 0 0 0 0 3 0 0 378 0 0 0 0 0 0 0 0 0 0 0 0 0 0 0 0 0 0 0 0 0 0 0 0 0 0 0 0 0 0 0 0 0 0 0 0 0 0 0 0 0 0 0 0 0 0 0 0 0 0 0 0 0 0 0 0 0 0 0 0 0 0 0 0 0 0 0 0 0 0 0 0 0 0 0 0
"sq176" 0 0 0 0 0 0 0 0 0 0 0 0 0 0 0 0 0 0 0 0 46 0 0 0 0 0 0 0 0 0 0 0 0 0 0 0 0 0 0 0 0 0 0 0 0 0 0 0 0 0 331 0 0 0 0 0 0 0 0 0 0 0 0 0 0 0 0 0 0 0 0 0 0 0 0 0 0 0 0 0 0 0 0 0 0 0 0 0 0 0 0 0
"sq177" 0 0 0 0 0 0 0 0 0 0 0 0 0 38 0 0 0 61 0 0 0 0 0 0 0 0 0 0 33 38 0 0 0 0 0 0 0 0 0 40 0 0 0 0 0 0 0 0 0 0 0 0 0 0 17 0 0 0 0 26 0 93 0 0 0 0 0 0 0 0 0 0 0 0 0 0 0 0 0 0 0 0 0 0 25 0 0 0 0 0 0 0
"sq178" 0 0 0 0 0 41 0 0 11 31 6 0 0 0 0 0 40 27 0 0 39 0 0 0 0 0 0 0 0 0 0 0 0 0 0 0 15 0 0 0 0 0 0 0 0 0 0 0 0 0 23 0 0 0 0 0 0 0 0 0 33 0 0 0 0 0 0 0 0 0 0 0 0 0 0 92 0 0 0 0 0 0 0 11 0 0 0 0 0 0 0 0
"sq179" 0 0 14 8 0 0 0 36 11 0 0 0 0 38 0 0 23 0 0 0 0 0 0 0 0 0 0 0 0 0 14 0 0 0 0 56 0 0 0 0 0 0 0 0 64 0 0 0 0 0 0 0 0 0 0 0 0 0 0 0 0 57 0 0 0 0 0 0 0 9 0 0 0 0 0 0 0 0 0 0 0 26 0 0 0 12 0 0 0 0 0 0
"sq180" 0 0 0 0 0 0 0 29 0 0 0 0 0 0 0 0 0 0 0 0 0 0 0 11 0 0 0 0 0 8 0 0 0 0 11 0 45 14 0 0 0 0 0 2 0 0 0 30 0 0 67 0 0 0 0 0 0 0 0 48 0 0 0 0 0 0 0 27 0 0 0 14 0 0 0 0 0 0 0 7 0 0 0 0 0 21 0 0 15 0 18 0
"sq181" 0 0 0 0 0 9 0 26 0 5 10 17 0 0 0 0 21 0 0 0 0 0 0 0 0 0 0 0 0 0 11 0 0 0 0 0 0 0 40 25 0 0 0 0 0 0 0 0 0 23 0 41 0 0 0 0 0 0 0 0 0 0 0 0 0 0 0 0 0 0 0 0 34 0 0 0 0 0 0 0 0 0 64 24 0 0 0 0 0 11 0 0
"sq182" 0 0 0 0 0 0 0 0 0 0 0 0 126 0 0 0 0 0 0 0 0 0 0 0 11 0 0 0 0 0 0 0 0 0 0 0 0 0 0 0 0 0 0 0 0 0 0 0 0 0 0 0 0 0 0 0 0 0 0 0 0 0 0 29 0 0 0 0 0 0 0 123 0 0 0 72 0 0 0 0 0 0 0 0 0 0 0 0 0 0 0 0
"sq183" 0 0 0 0 0 0 0 0 0 0 0 0 0 0 0 0 0 0 0 0 0 0 0 0 0 0 0 0 0 0 0 0 0 0 0 0 0 0 0 0 0 0 0 0 0 0 0 0 0 0 0 36 0 17 0 0 0 0 0 0 0 0 0 0 0 0 0 0 0 0 0 0 0 0 0 0 0 0 0 0 0 0 0 308 0 0 0 0 0 0 0 0
"sq184" 0 0 0 0 0 0 0 0 0 0 0 0 0 0 0 0 0 0 0 0 0 0 0 0 0 0 0 0 0 0 0 0 0 0 0 0 0 0 0 0 0 0 0 0 0 0 0 0 0 0 0 0 0 0 0 0 0 0 0 0 0 0 0 0 0 0 0 0 0 0 0 0 0 0 0 326 0 0 0 0 0 0 0 34 0 0 0 0 0 0 0 0
"sq185" 0 0 0 0 0 0 0 0 0 0 0 0 0 0 0 200 0 0 0 0 0 0 0 0 0 0 65 0 0 0 0 0 0 0 27 0 0 0 0 8 0 0 0 0 0 0 0 0 0 0 0 0 0 0 0 0 0 0 0 0 0 59 0 0 0 0 0 0 0 0 0 0 0 0 0 0 0 0 0 0 0 0 0 0 0 0 0 0 0 0 0 0
"sq186" 0 0 0 0 0 0 0 0 0 0 0 0 0 0 0 0 0 0 0 0 0 0 0 0 0 0 0 0 0 0 0 0 0 0 0 0 0 0 0 34 0 0 0 0 0 0 0 0 0 0 0 176 0 0 0 0 0 0 0 0 0 0 0 146 0 0 0 0 0 0 0 0 0 0 0 0 0 0 0 0 0 0 0 0 0 0 0 0 0 0 0 0
"sq187" 0 0 0 0 0 0 0 0 0 0 0 0 0 0 0 0 0 0 0 0 0 0 0 0 0 0 0 0 0 0 0 0 0 0 0 0 0 0 0 0 0 0 0 0 0 0 0 0 0 0 0 0 0 0 0 0 0 0 0 0 0 0 0 0 0 0 0 0 70 0 0 0 167 0 0 0 0 119 0 0 0 0 0 0 0 0 0 0 0 0 0 0
"sq188" 0 0 0 0 0 0 0 0 0 0 0 0 0 0 0 23 0 0 0 0 0 0 0 0 0 0 7 0 0 0 0 0 0 15 18 0 0 0 0 0 0 0 0 0 0 0 0 0 0 0 0 0 0 0 0 18 0 0 0 0 0 259 12 0 0 0 0 0 0 0 0 0 0 0 0 0 0 0 0 0 0 0 0 0 0 0 0 0 0 0 0 0
"sq190" 0 0 0 0 0 0 0 0 0 0 0 0 0 0 0 0 0 0 0 0 0 0 0 0 0 0 0 0 0 0 0 0 0 0 0 0 21 0 0 0 0 0 0 0 0 0 66 0 0 0 262 0 0 0 0 0 0 0 0 0 0 0 0 0 0 0 0 0 0 0 0 0 0 0 0 0 0 0 0 0 0 0 0 0 0 0 0 0 0 0 0 0
"sq192" 0 0 0 0 0 0 0 0 0 0 0 0 0 127 0 0 0 0 0 0 0 0 0 0 0 0 0 0 0 0 0 0 0 0 0 0 0 0 0 0 0 0 0 0 0 0 0 0 0 0 0 0 0 0 0 0 0 0 0 0 0 218 0 0 0 0 0 0 0 0 0 0 0 0 0 0 0 0 0 0 0 0 0 0 0 0 0 0 0 0 0 0
"sq196" 0 0 3 8 0 0 0 0 0 0 0 0 53 0 0 0 0 0 0 0 0 0 0 0 0 37 0 0 0 0 0 0 0 0 0 0 0 45 0 0 0 0 0 0 0 0 0 0 0 0 0 0 0 0 0 0 0 0 0 0 106 0 0 0 0 0 0 0 0 0 0 11 0 0 0 0 0 0 0 0 0 0 52 24 0 0 0 0 0 0 0 0
"sq197" 0 0 0 0 0 0 0 0 0 0 0 0 0 0 0 0 0 0 0 0 0 0 0 0 0 0 0 0 0 0 28 0 0 0 0 0 0 0 0 0 0 0 0 76 0 0 0 0 0 0 0 0 0 0 0 0 0 0 0 0 0 94 0 0 0 0 0 0 0 0 0 0 60 0 0 0 0 80 0 0 0 0 0 0 0 0 0 0 0 0 0 0
"sq198" 0 0 0 0 0 0 0 0 0 0 0 0 0 0 0 0 0 0 0 0 0 0 0 0 0 0 0 0 0 0 0 0 0 0 0 0 0 0 0 0 0 0 0 0 0 317 0 0 0 0 0 21 0 0 0 0 0 0 0 0 0 0 0 0 0 0 0 0 0 0 0 0 0 0 0 0 0 0 0 0 0 0 0 0 0 0 0 0 0 0 0 0
"sq199" 0 0 0 0 0 0 0 0 0 0 0 0 0 0 0 0 0 0 0 0 0 0 0 0 0 0 0 0 0 0 0 0 0 0 0 0 54 0 67 0 24 0 0 0 0 0 0 0 0 0 0 0 0 68 0 0 0 0 0 0 0 0 0 0 0 0 0 0 0 0 42 0 0 0 0 0 0 0 0 35 0 0 35 6 0 0 0 0 0 0 0 0
"sq201" 0 0 0 0 0 26 0 0 0 0 0 0 0 0 0 15 0 0 0 0 0 0 0 7 0 0 0 0 14 0 0 0 0 0 55 0 0 0 0 14 50 0 0 0 0 0 0 0 0 9 41 0 0 0 0 0 0 28 0 0 0 0 0 45 0 0 0 0 0 0 0 0 0 0 23 0 0 0 0 0 0 0 0 0 0 0 0 0 0 0 0 0
"sq203" 0 27 0 0 0 35 0 0 0 0 0 0 0 0 0 0 0 0 5 0 0 0 0 0 0 0 0 0 0 0 0 0 0 0 0 0 0 0 0 0 0 0 0 0 0 0 0 0 0 0 0 0 0 101 0 0 0 0 24 0 0 0 0 0 0 0 0 0 0 0 0 0 26 0 0 0 0 55 0 0 0 0 0 51 0 0 0 0 0 0 0 0
"sq206" 0 0 0 0 0 0 0 0 36 0 0 0 0 0 0 0 0 0 0 0 0 0 0 0 0 21 0 0 0 76 0 0 0 0 0 0 0 0 0 0 38 0 0 0 0 0 0 0 0 0 0 0 0 10 0 0 0 34 0 0 0 0 43 0 0 0 0 0 0 0 0 0 0 0 0 0 0 0 0 0 35 0 0 0 0 0 0 0 24 0 0 0
"sq207" 0 0 0 0 0 0 0 0 0 0 0 0 0 0 0 98 0 0 0 0 0 0 0 0 0 0 121 0 0 0 0 0 0 0 38 0 0 0 0 0 0 0 0 0 0 0 0 0 0 0 0 0 0 0 0 0 0 0 0 0 0 57 0 0 0 0 0 0 0 0 0 0 0 0 0 0 0 0 0 0 0 0 0 0 0 0 0 0 0 0 0 0
"sq208" 0 0 0 0 0 0 0 0 0 0 0 0 0 0 0 0 0 0 0 0 0 0 0 0 0 0 0 0 0 0 0 0 0 0 0 0 0 0 0 0 0 0 0 0 0 0 0 0 0 0 0 162 0 0 0 0 0 0 0 0 0 0 0 150 0 0 0 0 0 0 0 0 0 0 0 0 0 0 0 0 0 0 0 0 0 0 0 0 0 0 0 0
"sq215" 0 0 0 0 169 0 0 30 0 0 0 0 0 0 0 0 0 0 0 8 0 0 0 0 0 0 0 0 0 0 0 0 0 12 0 0 0 0 0 0 0 0 0 0 0 0 0 0 0 0 0 0 0 8 0 0 0 0 0 0 0 0 0 0 0 0 0 0 0 12 0 0 0 0 0 0 0 0 0 0 9 0 36 0 0 0 0 0 0 0 0 0
"sq216" 0 0 0 0 0 0 0 0 0 0 0 0 0 0 0 90 0 0 0 0 0 0 0 0 0 0 44 0 0 0 0 0 0 0 38 0 0 0 0 0 0 0 0 0 0 107 0 0 0 0 0 0 0 0 0 0 0 0 0 0 0 0 0 0 0 0 0 0 0 0 0 0 0 0 0 0 0 0 0 0 0 0 0 0 0 0 0 0 0 0 0 0
"sq218" 0 0 0 0 0 0 0 0 0 0 0 0 57 26 0 0 0 0 0 0 0 0 0 0 0 0 0 0 0 0 0 18 0 17 0 0 0 0 0 9 0 24 0 0 0 0 0 13 0 0 0 0 0 0 0 0 0 0 45 0 0 0 0 0 0 0 0 0 0 0 0 0 0 0 0 0 0 0 0 0 0 0 36 0 0 0 0 0 0 0 0 31
"sq219" 0 0 0 0 0 0 0 0 0 0 0 0 0 0 0 0 0 0 0 0 0 0 0 0 0 0 0 0 0 0 0 0 0 0 0 0 0 0 0 0 0 0 0 60 0 0 0 0 0 0 0 0 0 0 0 25 0 0 0 0 0 0 0 0 0 0 0 0 0 0 0 0 0 0 0 0 0 0 189 0 0 0 0 0 0 0 0 0 0 0 0 0
"sq220" 0 0 0 0 0 0 0 0 3 0 0 31 0 0 0 0 0 0 0 0 0 0 18 0 0 0 0 0 39 0 0 0 0 0 0 0 0 0 0 0 55 0 0 34 0 0 0 0 0 0 19 0 0 0 0 0 0 0 0 0 0 0 0 0 28 0 0 0 0 0 0 20 0 0 0 0 0 0 0 0 25 0 0 0 0 0 0 0 0 0 0 0
"sq221" 0 0 0 0 0 0 0 0 0 0 0 0 0 0 0 0 0 0 0 0 0 0 0 0 0 0 8 0 0 0 0 0 0 0 0 0 0 0 0 0 0 0 0 29 0 0 4 0 0 0 0 0 0 0 0 0 0 0 0 0 0 0 191 0 0 0 0 0 0 0 0 0 0 0 0 0 0 0 0 0 0 0 0 0 0 0 0 0 0 38 0 0
"sq223" 0 0 0 0 47 0 0 0 0 0 0 0 0 0 27 0 0 0 0 0 0 13 0 0 0 0 0 46 0 0 0 0 0 0 0 0 0 0 0 0 0 0 0 0 0 0 0 0 0 0 0 0 0 0 0 0 0 0 0 0 0 0 49 44 0 0 0 0 0 0 34 0 0 0 0 0 0 0 0 0 0 0 0 0 0 0 0 0 0 0 0 0
"sq225" 0 0 0 6 0 0 0 0 0 0 0 19 0 9 0 0 0 0 4 0 0 0 0 5 0 0 0 0 0 0 20 32 10 0 0 0 0 0 21 0 0 0 0 0 0 0 0 0 0 0 0 0 0 0 0 0 0 0 0 35 0 0 28 45 0 0 0 0 0 0 0 0 0 25 0 0 0 0 0 0 0 0 0 0 0 0 0 0 0 0 0 0
"sq226" 0 0 0 0 0 0 0 0 0 0 0 0 0 0 0 96 0 0 0 0 0 0 0 0 0 0 32 38 0 0 0 0 0 0 0 0 0 0 0 0 0 0 0 0 0 0 0 0 0 0 0 0 0 0 0 0 0 0 0 0 0 85 0 0 0 0 0 0 0 6 0 0 0 0 0 0 0 0 0 0 0 0 0 0 0 0 0 0 0 0 0 0
"sq227" 0 0 0 0 0 0 0 0 0 0 0 0 0 0 0 30 0 0 0 8 0 0 0 0 0 0 0 0 0 0 0 0 25 0 0 0 0 0 0 0 0 0 0 44 0 0 0 0 0 20 0 0 48 18 0 0 0 0 0 5 0 0 0 0 0 30 0 0 0 0 0 0 0 26 0 0 0 0 0 0 0 0 0 0 0 0 0 0 0 0 0 0
"sq229" 0 33 0 0 0 0 0 0 0 0 0 0 0 0 0 0 0 0 0 0 0 0 0 0 0 0 0 0 0 0 0 0 0 0 0 0 0 0 0 0 0 0 0 0 0 0 0 0 0 0 0 0 6 0 0 0 0 0 0 0 0 0 0 0 0 0 0 0 0 0 0 0 0 0 0 72 0 0 0 0 0 0 0 141 0 0 0 0 0 0 0 0
"sq230" 0 0 0 0 0 0 0 0 0 0 0 0 0 0 0 0 0 0 4 0 0 0 0 0 0 0 0 0 0 0 0 0 0 0 0 0 0 0 0 0 0 0 0 0 0 0 0 0 0 0 241 0 0 0 0 0 0 0 0 4 0 0 0 0 3 0 0 0 0 0 0 0 0 0 0 0 0 0 0 0 0 0 0 0 0 0 0 0 0 0 0 0
"sq234" 0 0 0 37 0 0 0 0 0 0 0 0 0 0 0 0 0 0 0 0 0 0 0 0 0 0 0 0 0 0 0 0 0 0 42 0 0 0 0 0 0 0 0 0 0 66 0 0 27 0 0 0 0 0 0 0 0 37 0 0 0 0 0 0 0 0 0 0 0 0 0 0 0 0 0 0 34 0 0 0 0 0 0 0 0 0 0 0 0 0 0 0
"sq235" 0 0 0 0 0 0 0 0 0 0 0 0 0 0 0 0 0 0 0 0 0 0 227 0 11 0 0 0 0 0 0 0 0 0 0 0 0 0 0 0 0 0 0 0 0 0 0 0 0 0 0 0 0 0 0 0 0 0 0 0 0 0 0 0 0 0 0 0 0 0 0 0 0 0 0 0 0 0 0 0 0 0 0 0 0 0 0 0 0 0 0 0
"sq236" 0 0 0 0 0 0 0 0 0 0 0 0 0 0 0 0 0 0 0 0 0 0 0 0 0 0 0 0 0 0 0 0 0 0 0 0 0 0 0 0 0 0 0 0 0 0 0 0 0 0 0 0 0 0 0 0 0 0 0 0 0 0 0 0 0 0 0 0 0 0 0 0 0 0 0 11 0 0 0 0 0 0 0 225 0 0 0 0 0 0 0 0
"sq237" 0 45 0 0 0 0 0 0 0 0 0 0 0 0 0 0 0 0 0 0 0 0 0 0 0 0 0 0 0 0 99 0 0 0 0 0 0 0 0 0 0 0 0 0 0 0 0 0 0 0 0 0 0 0 0 0 0 0 0 0 0 39 0 0 0 0 0 0 0 0 0 0 0 0 0 0 0 0 0 0 52 0 0 0 0 0 0 0 0 0 0 0
"sq238" 0 0 0 0 0 0 0 0 0 0 0 0 0 0 0 0 0 0 0 0 0 0 0 0 0 0 0 0 0 0 0 0 0 0 0 0 0 0 0 0 0 221 0 0 0 0 0 0 0 0 0 0 0 0 0 14 0 0 0 0 0 0 0 0 0 0 0 0 0 0 0 0 0 0 0 0 0 0 0 0 0 0 0 0 0 0 0 0 0 0 0 0
"sq240" 19 0 6 0 27 0 0 0 0 0 0 0 0 26 0 0 0 0 0 0 0 0 50 0 0 0 0 0 0 0 5 0 0 0 0 0 0 0 17 0 0 0 0 0 0 10 0 0 0 0 0 0 0 0 0 0 0 0 0 0 0 0 0 0 0 0 0 0 0 0 0 11 0 0 0 0 0 0 0 0 0 17 25 0 0 0 21 0 0 0 0 0
"sq242" 0 0 0 0 0 0 0 0 0 0 0 0 0 0 0 0 0 0 0 0 0 0 0 0 0 0 0 0 0 0 0 0 0 0 0 0 0 0 0 0 0 0 0 0 0 0 0 0 0 0 0 0 0 0 0 0 0 0 0 0 0 0 0 0 0 0 0 0 0 0 0 0 0 0 0 184 0 0 0 0 0 0 0 48 0 0 0 0 0 0 0 0
"sq244" 0 0 0 0 19 0 0 0 0 0 0 0 0 0 0 0 0 0 0 0 0 0 0 0 0 0 0 0 0 0 0 0 0 0 0 0 0 0 14 0 0 0 0 0 0 0 0 0 0 0 20 0 0 0 0 0 0 0 13 0 0 0 0 0 0 0 45 0 0 0 0 0 0 83 0 0 0 0 20 14 0 0 0 0 0 0 0 3 0 0 0 0
"sq245" 0 0 0 0 0 0 0 0 0 0 0 0 57 0 16 0 0 0 0 0 0 0 0 0 0 0 0 0 0 0 0 0 0 0 0 0 17 0 0 0 0 33 0 0 0 0 0 0 0 0 0 0 0 0 0 0 0 0 0 0 0 0 0 0 0 0 0 0 0 0 0 55 0 0 0 0 0 0 0 23 0 0 0 29 0 0 0 0 0 0 0 0
"sq247" 0 37 0 0 0 0 0 0 0 0 0 0 0 0 0 0 0 0 0 0 0 0 16 0 0 0 0 0 0 0 0 0 0 0 0 0 0 0 0 0 0 0 0 4 0 0 0 0 0 18 0 0 0 0 0 0 0 0 0 6 0 44 0 0 0 0 0 0 15 0 0 0 21 0 19 28 9 0 0 0 0 0 0 0 0 10 0 0 0 0 0 0
"sq248" 0 0 0 0 0 0 0 0 0 0 0 0 0 0 0 0 0 0 0 0 0 0 0 0 0 0 37 0 7 0 0 0 0 0 0 0 0 0 0 0 0 13 0 0 0 0 0 0 0 0 0 0 0 0 0 0 0 0 0 0 0 0 67 0 0 0 0 0 0 0 0 0 0 0 0 0 0 0 0 0 0 0 0 0 0 0 0 0 0 102 0 0
"sq249" 0 0 0 0 0 0 0 0 0 0 0 0 0 0 0 0 0 0 0 0 0 0 0 0 0 0 0 0 0 0 0 0 0 0 0 0 0 0 0 0 0 0 0 0 0 0 0 0 0 0 0 145 0 0 0 0 0 0 0 0 0 0 0 81 0 0 0 0 0 0 0 0 0 0 0 0 0 0 0 0 0 0 0 0 0 0 0 0 0 0 0 0
"sq250" 0 0 0 0 35 0 0 0 0 0 0 0 0 0 0 0 0 0 0 0 0 0 0 0 0 0 0 0 0 0 0 0 0 0 0 0 0 0 0 0 0 42 0 0 0 0 0 0 0 0 0 0 0 0 0 0 0 0 0 0 0 0 46 0 0 11 0 0 0 0 0 0 0 0 0 0 0 0 0 0 0 0 0 0 0 0 0 0 0 90 0 0
"sq252" 0 0 0 18 0 0 0 0 0 0 0 0 0 0 0 0 0 0 0 0 0 0 0 0 0 0 0 0 0 0 0 0 0 0 0 0 0 0 0 0 0 0 0 0 0 0 0 0 33 0 0 0 25 0 0 0 0 0 0 0 0 107 0 30 0 0 0 0 0 0 0 0 0 0 0 0 0 0 0 0 0 0 0 0 0 6 0 0 0 0 0 0
"sq253" 0 0 0 0 0 0 0 0 0 0 0 0 0 60 0 21 0 0 0 0 0 0 0 0 0 0 0 0 21 0 0 0 0 0 0 0 0 0 0 0 12 0 0 14 0 0 0 0 24 0 0 0 0 0 0 0 0 0 0 0 0 0 67 0 0 0 0 0 0 0 0 0 0 0 0 0 0 0 0 0 0 0 0 0 0 0 0 0 0 0 0 0
"sq257" 0 0 0 0 0 0 0 0 0 0 0 0 0 0 0 0 0 0 0 0 0 0 0 0 0 0 47 0 0 0 0 0 0 0 0 0 0 0 0 0 26 0 36 0 0 0 15 0 0 0 0 0 0 0 0 0 0 0 0 0 0 0 44 0 0 0 0 0 0 0 0 27 0 0 0 0 0 0 0 0 0 0 0 0 0 0 0 6 0 0 0 10
"sq259" 0 0 0 0 0 0 0 0 0 0 12 0 0 0 0 0 0 0 0 0 0 0 0 0 0 0 0 0 0 0 0 0 0 0 0 0 0 0 0 0 0 0 0 0 0 0 0 0 0 0 0 0 0 0 0 0 0 0 93 0 0 0 0 0 0 0 0 0 8 0 0 0 0 0 0 15 0 0 0 0 80 0 0 0 0 0 0 0 0 0 0 0
"sq261" 0 0 0 0 0 0 0 0 0 0 0 0 0 0 0 0 0 0 0 0 0 0 0 0 0 0 0 0 0 0 0 0 0 0 0 0 0 0 0 0 0 0 0 0 0 0 0 0 0 35 0 0 0 0 0 0 0 0 2 0 0 170 0 0 0 0 0 0 0 0 0 0 0 0 0 0 0 0 0 0 0 0 0 0 0 0 0 0 0 0 0 0
"sq262" 0 0 0 16 0 0 0 0 0 0 0 0 0 0 0 0 7 0 0 0 0 0 0 0 0 0 0 0 26 0 0 0 0 0 20 0 26 0 0 0 0 0 0 0 0 0 0 0 18 17 0 19 24 0 0 0 0 0 0 0 0 0 0 0 0 0 0 0 0 0 0 0 0 0 0 0 0 0 0 0 0 14 0 0 3 0 0 0 16 0 0 0
"sq263" 0 0 0 0 0 0 0 0 0 0 0 0 0 0 0 0 0 0 0 0 0 0 0 0 0 0 49 0 0 0 0 0 0 0 0 0 0 0 0 0 0 0 0 0 0 0 0 0 75 29 0 0 0 0 0 0 0 0 0 0 0 0 0 0 0 0 0 0 0 0 0 0 0 0 0 0 0 0 0 0 53 0 0 0 0 0 0 0 0 0 0 0
"sq264" 0 0 0 0 0 0 0 0 0 0 0 0 0 0 0 0 0 0 0 0 0 0 0 0 0 0 0 0 0 0 0 0 0 0 0 0 0 0 0 0 0 0 0 0 0 0 0 0 0 0 0 0 0 0 0 0 0 0 0 0 0 0 0 0 0 0 0 0 183 9 0 0 0 0 0 0 0 0 0 0 0 0 0 0 0 0 0 0 0 0 12 0
"sq265" 0 0 0 0 0 0 0 0 0 0 0 0 0 0 0 0 0 0 0 0 0 0 0 0 0 39 7 0 0 0 0 0 0 0 0 0 0 0 0 0 0 0 0 0 0 0 0 0 0 0 0 0 0 0 0 0 0 0 0 0 0 0 0 0 0 0 0 0 0 0 0 0 51 0 19 0 0 87 0 0 0 0 0 0 0 0 0 0 0 0 0 0
"sq266" 0 0 0 0 0 0 0 0 0 0 8 0 0 0 0 0 0 0 0 0 0 0 0 0 0 0 0 0 0 0 0 0 0 0 0 0 0 0 0 0 0 0 0 0 0 0 0 41 0 0 79 0 0 0 0 0 0 0 0 41 0 0 0 0 0 0 0 0 0 0 0 0 16 0 0 0 0 0 0 0 0 0 0 17 0 0 0 0 0 0 0 0
"sq268" 0 0 0 0 0 0 0 0 0 0 0 0 0 0 0 0 0 0 0 0 69 0 0 0 0 0 0 0 0 0 0 60 0 0 0 0 0 0 12 0 0 18 0 0 0 0 0 0 0 0 0 0 0 0 0 0 0 0 0 0 19 0 21 0 0 0 0 0 0 0 0 0 0 0 0 0 0 0 0 0 0 0 0 0 0 0 0 0 0 0 0 0
"sq269" 0 0 0 0 0 0 0 0 0 0 0 0 0 0 0 0 0 0 0 0 0 0 0 0 0 0 0 0 0 0 0 0 0 0 0 0 0 0 0 0 0 0 0 0 0 0 0 0 0 0 0 0 0 0 0 0 0 0 0 0 0 0 0 0 0 162 0 0 0 0 37 0 0 0 0 0 0 0 0 0 0 0 0 0 0 0 0 0 0 0 0 0
"sq271" 0 0 0 0 0 0 0 0 0 0 0 0 0 0 0 33 0 0 0 0 0 0 0 0 0 0 58 0 0 0 0 0 0 0 36 0 0 0 0 0 0 0 0 0 0 68 0 0 0 0 0 0 0 0 0 0 0 0 0 0 0 0 0 0 0 0 0 0 0 0 0 0 0 0 0 0 0 0 0 0 0 0 0 0 0 0 0 0 0 0 0 0
"sq272" 0 0 0 0 0 0 0 0 0 0 13 0 17 0 0 0 0 33 0 0 0 0 0 0 0 0 0 0 0 0 0 0 0 0 0 0 52 0 0 0 0 0 0 0 0 0 0 44 0 0 0 0 0 0 0 0 0 0 0 15 0 0 0 0 0 0 0 0 0 0 0 0 0 0 0 0 0 0 20 0 0 0 0 0 0 0 0 0 0 0 0 0
"sq273" 0 0 0 0 0 0 0 0 0 0 0 0 0 0 0 0 0 0 0 0 0 0 40 0 0 0 0 0 0 0 0 0 0 0 0 0 0 0 0 0 0 0 0 0 0 0 0 0 0 0 0 0 0 0 0 30 0 0 0 0 0 0 0 0 0 0 0 0 0 0 0 0 0 0 0 0 0 0 124 0 0 0 0 0 0 0 0 0 0 0 0 0
"sq275" 0 0 0 0 0 0 0 23 0 0 0 0 102 0 0 10 0 0 0 0 0 0 0 0 0 0 6 0 0 0 0 0 0 0 24 0 0 0 0 0 0 0 0 0 0 0 21 0 0 0 0 0 0 0 0 0 0 0 0 0 0 0 0 0 0 0 0 0 0 0 0 0 0 0 0 0 0 0 0 0 0 0 0 0 0 0 0 0 0 0 7 0
"sq279" 0 0 0 60 0 0 20 0 0 0 0 0 0 0 0 0 0 0 0 0 0 0 0 0 0 0 0 0 0 0 0 56 0 0 0 0 0 0 0 0 0 0 0 0 15 0 0 0 0 0 0 0 0 0 0 0 0 0 0 0 0 0 0 0 0 0 0 0 0 0 0 0 0 0 0 0 0 0 24 0 0 0 0 0 0 0 0 0 0 0 0 13
"sq280" 0 0 0 0 0 0 0 0 0 103 0 0 0 0 0 0 0 0 0 0 0 0 0 3 0 0 0 0 0 0 0 0 0 0 0 0 0 0 0 8 0 16 0 0 0 0 0 0 0 0 0 0 0 0 0 0 0 0 0 0 0 0 33 0 0 0 0 0 0 0 0 0 0 15 0 0 0 0 0 0 0 0 0 9 0 0 0 0 0 0 0 0
"sq282" 7 0 0 0 0 0 0 0 0 0 76 8 0 0 0 0 0 0 0 0 0 0 0 0 0 0 0 0 0 0 0 0 0 0 31 0 0 0 0 0 0 0 0 0 0 0 62 0 0 0 0 0 0 0 0 0 0 0 0 0 0 0 0 0 0 0 0 0 0 0 0 0 0 0 0 0 0 0 0 0 0 0 0 0 0 0 0 0 0 0 0 0
"sq283" 0 93 0 0 0 0 0 0 0 0 0 0 0 0 0 0 0 0 0 0 0 0 0 0 0 0 0 0 0 0 0 0 0 0 0 0 0 0 0 0 0 43 0 0 0 0 0 0 0 48 0 0 0 0 0 0 0 0 0 0 0 0 0 0 0 0 0 0 0 0 0 0 0 0 0 0 0 0 0 0 0 0 0 0 0 0 0 0 0 0 0 0
"sq284" 0 0 0 0 0 0 0 0 0 0 0 0 0 0 0 0 0 0 0 0 0 0 0 0 0 0 0 0 0 0 0 0 0 0 0 0 0 0 0 0 0 0 0 0 0 0 0 0 0 0 0 0 0 0 0 0 0 0 0 0 0 0 0 0 0 0 0 0 0 0 0 0 70 0 0 0 0 114 0 0 0 0 0 0 0 0 0 0 0 0 0 0
"sq285" 0 0 0 0 0 0 0 0 0 0 0 0 0 0 0 0 0 0 0 0 0 0 0 0 0 0 0 0 0 0 23 0 0 0 0 0 0 0 0 0 0 0 0 0 0 0 0 0 0 0 159 0 0 0 0 0 0 0 0 0 0 0 0 0 0 0 0 0 0 0 0 0 0 0 0 0 0 0 0 0 0 0 0 0 0 0 0 0 0 0 0 0
"sq288" 0 0 0 0 0 0 0 0 0 0 0 0 0 0 0 0 0 0 0 53 0 0 0 0 0 0 0 0 0 0 0 0 0 0 0 0 0 0 0 0 0 0 0 0 0 0 0 0 0 0 0 0 0 0 0 0 0 0 0 0 0 0 0 0 43 0 0 0 0 0 0 0 0 0 0 85 0 0 0 0 0 0 0 0 0 0 0 0 0 0 0 0
"sq289" 0 0 0 0 0 0 0 0 0 0 0 0 0 0 0 0 0 0 0 0 0 0 0 0 0 0 0 0 0 0 0 0 0 0 0 0 0 0 0 0 0 0 0 0 0 0 0 0 0 0 0 0 0 0 0 0 0 0 0 0 0 0 0 0 0 0 0 0 0 0 0 0 0 0 0 0 123 0 0 0 0 0 0 0 0 0 0 0 58 0 0 0
"sq291" 0 0 0 0 0 0 0 0 0 0 0 0 0 0 0 0 0 0 0 0 0 0 0 0 0 0 0 18 132 0 0 0 0 0 0 0 0 0 0 0 0 0 0 0 0 0 0 0 0 0 0 0 0 0 0 0 0 0 0 0 0 0 0 0 0 0 26 0 0 0 0 0 0 0 0 0 0 0 0 0 0 0 0 0 0 0 0 0 0 0 0 0
"sq292" 0 0 0 0 72 0 0 0 0 0 0 0 0 0 0 0 0 0 0 0 0 0 0 0 0 0 0 0 0 0 0 0 0 0 0 0 52 0 0 0 0 51 0 0 0 0 0 0 0 0 0 0 0 0 0 0 0 0 0 0 0 0 0 0 0 0 0 0 0 0 0 0 0 0 0 0 0 0 0 0 0 0 0 0 0 0 0 0 0 0 0 0
"sq293" 0 0 0 0 0 0 0 0 0 0 8 0 0 0 0 15 0 0 0 0 0 0 0 0 0 0 0 0 0 18 0 0 0 0 0 0 67 0 0 0 0 0 0 0 0 0 0 0 0 0 0 0 0 0 0 0 42 0 0 0 0 0 0 0 0 0 0 0 0 0 0 25 0 0 0 0 0 0 0 0 0 0 0 0 0 0 0 0 0 0 0 0
"sq296" 0 0 0 0 0 0 0 0 0 19 0 0 0 0 0 0 0 0 0 0 0 0 0 0 0 0 0 0 0 0 0 0 0 0 0 0 0 0 0 0 0 0 0 0 0 0 0 0 0 0 0 0 0 0 0 0 0 0 0 0 0 0 0 0 0 0 0 0 138 0 0 0 0 0 0 0 0 0 0 0 0 0 0 0 0 0 0 0 0 0 0 14
"sq297" 0 0 0 0 0 0 0 0 0 0 0 0 0 0 0 39 0 0 0 0 0 0 0 0 0 0 0 0 0 0 0 0 0 29 0 0 0 0 0 0 40 0 0 0 0 0 0 0 0 26 0 0 0 0 0 0 0 0 0 0 0 0 0 0 0 0 0 0 0 0 0 0 9 0 0 0 0 26 0 0 0 0 0 0 0 0 0 0 0 0 0 0
"sq300" 0 0 0 0 0 0 88 0 0 0 0 0 0 0 0 0 0 0 0 0 0 0 0 0 0 0 0 0 0 0 0 0 0 0 0 0 0 0 0 0 0 0 0 0 0 0 0 0 0 0 0 0 0 0 0 0 0 0 0 0 0 0 0 0 80 0 0 0 0 0 0 0 0 0 0 0 0 0 0 0 0 0 0 0 0 0 0 0 0 0 0 0
"sq301" 0 0 0 0 0 0 0 0 0 0 0 0 0 0 0 21 23 0 0 0 0 0 14 9 0 0 0 0 0 0 0 0 0 0 0 0 0 0 0 0 0 0 0 0 0 0 0 0 0 0 0 0 0 0 0 0 0 0 0 0 0 69 0 0 0 0 0 0 0 0 0 0 0 0 0 0 0 0 0 0 0 0 0 0 0 0 0 0 0 0 31 0
"sq302" 0 0 14 14 0 0 0 0 0 0 0 0 0 0 0 0 0 0 0 0 0 0 0 0 0 0 0 0 0 0 0 0 0 0 0 0 0 0 0 0 29 0 0 0 0 0 0 0 20 0 0 0 0 0 0 0 0 0 0 0 0 0 0 0 43 0 0 0 0 0 0 22 0 0 0 0 0 0 0 0 0 0 22 0 0 0 0 0 0 0 0 0
"sq303" 0 0 107 0 0 0 0 0 0 0 0 0 0 35 0 0 0 0 0 0 0 0 0 0 0 0 0 0 0 0 0 0 0 0 0 0 0 0 0 0 0 0 0 0 0 0 0 0 0 0 0 0 0 0 0 0 0 0 0 0 0 0 0 0 0 0 0 0 0 0 0 0 0 0 20 0 0 0 0 0 0 0 0 0 0 0 0 0 0 0 0 0
"sq304" 0 0 0 0 0 0 0 0 0 0 63 0 15 0 0 0 0 0 0 0 0 0 0 0 0 0 0 0 0 0 0 0 0 0 21 0 0 0 0 0 0 0 0 0 0 0 0 14 0 0 0 0 0 0 0 0 0 0 0 0 0 0 0 0 0 0 0 0 0 0 0 0 0 0 0 0 0 0 0 0 0 0 0 0 0 0 0 0 0 48 0 0
"sq306" 0 0 0 0 0 0 0 0 0 0 0 0 0 0 0 0 0 0 0 0 0 0 0 0 0 0 0 0 0 0 0 0 0 0 0 0 0 0 0 0 0 0 0 0 0 0 0 0 0 0 0 0 0 0 0 0 0 0 0 0 0 92 0 0 0 0 0 0 0 0 0 0 19 0 0 0 0 48 0 0 0 0 0 0 0 0 0 0 0 0 0 0
"sq307" 0 0 7 15 0 0 24 0 0 0 0 0 0 0 0 0 0 0 0 0 0 0 0 0 0 0 0 0 0 0 0 0 0 0 0 0 0 0 0 0 0 0 0 0 0 0 0 0 0 0 0 0 0 0 0 0 0 0 0 0 0 0 0 0 13 37 0 0 0 0 0 0 0 0 0 0 34 0 0 0 0 0 28 0 0 0 0 0 0 0 0 0
"sq308" 0 0 6 0 0 0 0 0 0 0 0 0 0 0 0 0 0 0 0 0 0 0 0 53 0 0 0 48 0 0 0 0 0 0 0 0 22 0 0 20 0 0 0 0 0 0 0 0 0 0 0 0 0 0 0 0 0 0 0 4 0 0 0 0 5 0 0 0 0 0 0 0 0 0 0 0 0 0 0 0 0 0 0 0 0 0 0 0 0 0 0 0
"sq312" 0 0 0 0 0 0 0 0 0 0 0 0 0 0 0 0 0 0 0 0 0 0 0 0 0 0 0 0 0 0 0 0 0 0 0 0 0 0 0 0 0 0 0 0 0 0 0 0 0 0 0 0 0 0 29 0 7 0 0 0 0 0 0 0 0 0 0 0 118 0 0 0 0 0 0 0 0 0 0 0 0 0 0 0 0 0 0 0 0 0 0 0
"sq313" 0 0 0 0 0 0 0 0 4 0 0 0 0 0 0 0 0 0 0 0 0 0 0 0 0 0 0 0 0 0 0 0 0 0 0 0 0 0 0 0 0 128 0 0 0 0 0 0 0 0 21 0 0 0 0 0 0 0 0 0 0 0 0 0 0 0 0 0 0 0 0 0 0 0 0 0 0 0 0 0 0 0 0 0 0 0 0 0 0 0 0 0
"sq315" 0 0 0 20 0 0 0 0 0 0 0 0 0 0 0 0 0 0 0 0 0 0 0 8 0 0 0 0 0 0 0 0 0 0 0 0 0 0 0 0 0 0 0 0 0 0 0 0 0 0 0 0 0 26 0 0 0 0 0 0 0 0 0 0 0 0 0 0 0 0 0 0 0 0 0 97 0 0 0 0 0 0 0 0 0 0 0 0 0 0 0 0
"sq316" 0 0 0 0 0 0 0 0 0 0 0 0 0 79 0 0 0 0 0 0 0 0 0 0 0 0 0 0 0 0 0 0 0 0 0 0 0 0 0 0 0 0 0 0 0 0 0 0 0 0 30 0 0 0 0 0 0 0 0 0 0 0 0 0 0 0 0 0 0 0 0 0 13 0 0 0 0 29 0 0 0 0 0 0 0 0 0 0 0 0 0 0
"sq318" 0 0 0 0 0 0 0 0 0 0 0 0 0 0 0 0 0 0 0 0 0 0 0 0 0 0 0 0 0 0 0 0 0 0 0 0 0 0 0 0 0 0 0 0 0 0 0 0 0 0 0 0 0 0 0 0 0 0 0 0 0 0 0 0 0 0 0 0 0 0 0 0 61 0 0 0 0 90 0 0 0 0 0 0 0 0 0 0 0 0 0 0
"sq319" 0 0 0 0 0 0 0 0 0 0 0 0 0 0 0 0 0 0 0 0 0 0 0 0 0 0 71 0 0 0 0 0 0 0 61 0 0 0 0 0 0 0 0 0 0 0 0 0 0 0 0 0 0 0 0 0 0 0 0 0 0 0 0 0 0 0 0 0 0 0 0 0 0 0 0 0 0 0 0 0 18 0 0 0 0 0 0 0 0 0 0 0
"sq321" 0 0 0 0 0 0 0 0 0 0 0 0 0 14 0 18 0 0 0 0 0 0 0 0 14 0 0 0 0 0 0 0 0 0 0 0 0 0 0 0 0 0 0 0 0 0 0 0 0 0 27 0 0 0 0 0 0 0 0 0 0 0 0 0 0 0 12 0 0 0 0 0 0 0 0 0 0 0 0 0 52 0 0 0 0 7 0 4 0 0 0 0
"sq322" 0 0 0 0 0 0 0 0 0 0 0 0 0 0 0 0 0 0 0 0 0 0 0 0 0 10 0 0 0 0 0 0 0 0 0 0 0 0 0 9 0 0 0 0 0 0 0 0 0 0 0 0 0 0 0 0 0 0 0 0 0 56 0 11 0 0 0 0 0 0 0 0 5 0 16 0 0 13 0 0 0 0 0 0 11 0 0 0 0 0 0 17
"sq323" 0 0 0 17 0 0 0 0 0 0 0 0 43 0 0 0 0 42 0 0 0 0 0 0 0 0 0 0 0 0 0 0 0 0 0 0 0 0 0 0 0 0 0 0 0 0 0 0 0 0 0 0 0 11 0 0 0 34 0 0 0 0 0 0 0 0 0 0 0 0 0 0 0 0 0 0 0 0 0 0 0 0 0 0 0 0 0 0 0 0 0 0
"sq324" 0 0 0 0 0 0 0 0 0 0 0 0 0 0 0 67 0 0 0 0 0 0 0 0 0 0 0 0 0 0 0 0 0 0 80 0 0 0 0 0 0 0 0 0 0 0 0 0 0 0 0 0 0 0 0 0 0 0 0 0 0 0 0 0 0 0 0 0 0 0 0 0 0 0 0 0 0 0 0 0 0 0 0 0 0 0 0 0 0 0 0 0
"sq325" 0 0 0 0 0 0 0 0 0 0 0 0 0 50 0 0 0 0 0 0 0 0 0 0 0 0 0 0 0 0 0 0 0 0 0 0 0 0 0 0 0 0 0 0 0 0 0 0 0 0 0 0 0 0 0 0 0 0 0 0 0 82 0 0 0 0 0 0 14 0 0 0 0 0 0 0 0 0 0 0 0 0 0 0 0 0 0 0 0 0 0 0
"sq327" 0 0 0 0 0 0 0 0 0 0 0 0 0 49 0 0 0 0 0 0 0 0 0 0 0 0 0 0 0 0 0 52 0 0 0 0 0 0 0 0 0 0 0 0 0 0 0 0 0 0 0 10 0 0 0 0 0 0 0 0 0 0 0 0 0 0 0 0 18 0 0 0 0 0 0 4 0 0 0 0 0 0 12 0 0 0 0 0 0 0 0 0
